UWB,1669366801554,{"position":{"x":-0.25308678,"y":2.5756712,"z":0.14447457,"quality":55},"superFrameNumber":780}
UWB,1669366802555,{"position":{"x":-0.25945863,"y":2.5842087,"z":0.13433659,"quality":56},"superFrameNumber":790}
UWB,1669366803554,{"position":{"x":-0.26099136,"y":2.5832989,"z":0.13245374,"quality":56},"superFrameNumber":800}
UWB,1669366804554,{"position":{"x":-0.30841368,"y":2.5714419,"z":0.14622942,"quality":59},"superFrameNumber":810}
UWB,1669366805554,{"position":{"x":-0.27205068,"y":2.5789218,"z":0.13122173,"quality":55},"superFrameNumber":820}
UWB,1669366806553,{"position":{"x":-0.28754553,"y":2.5664155,"z":0.15311968,"quality":57},"superFrameNumber":830}
UWB,1669366807554,{"position":{"x":-0.29464912,"y":2.5479796,"z":0.16750097,"quality":56},"superFrameNumber":840}
UWB,1669366808555,{"position":{"x":-0.25645259,"y":2.5733764,"z":0.1441246,"quality":55},"superFrameNumber":850}
UWB,1669366809554,{"position":{"x":-0.26156014,"y":2.5833657,"z":0.14691645,"quality":56},"superFrameNumber":860}
UWB,1669366810554,{"position":{"x":-0.24583171,"y":2.5859621,"z":0.11338811,"quality":56},"superFrameNumber":870}
UWB,1669366811554,{"position":{"x":-0.27242285,"y":2.5891085,"z":0.13188636,"quality":57},"superFrameNumber":880}
UWB,1669366812554,{"position":{"x":-0.27223402,"y":2.5974703,"z":0.13635519,"quality":56},"superFrameNumber":890}
UWB,1669366813554,{"position":{"x":-0.26911622,"y":2.5825582,"z":0.14485617,"quality":56},"superFrameNumber":900}
UWB,1669366814554,{"position":{"x":-0.28343937,"y":2.5823143,"z":0.15232097,"quality":57},"superFrameNumber":910}
UWB,1669366815554,{"position":{"x":-0.28545117,"y":2.5786169,"z":0.15960109,"quality":56},"superFrameNumber":920}
UWB,1669366816554,{"position":{"x":-0.31220707,"y":2.5456052,"z":0.19276686,"quality":57},"superFrameNumber":930}
UWB,1669366817553,{"position":{"x":-0.27308396,"y":2.5635214,"z":0.15851524,"quality":55},"superFrameNumber":940}
UWB,1669366818554,{"position":{"x":-0.26351336,"y":2.5768123,"z":0.15517919,"quality":56},"superFrameNumber":950}
UWB,1669366819554,{"position":{"x":-0.28474626,"y":2.5749214,"z":0.144901,"quality":57},"superFrameNumber":960}
UWB,1669366820554,{"position":{"x":-0.27773961,"y":2.5874217,"z":0.13074614,"quality":56},"superFrameNumber":970}
UWB,1669366821554,{"position":{"x":-0.29829267,"y":2.5853918,"z":0.145931,"quality":57},"superFrameNumber":980}
UWB,1669366822554,{"position":{"x":-0.31855914,"y":2.5582252,"z":0.18333334,"quality":57},"superFrameNumber":990}
UWB,1669366823554,{"position":{"x":-0.30560726,"y":2.553344,"z":0.20495799,"quality":55},"superFrameNumber":1000}
UWB,1669366824554,{"position":{"x":-0.31095651,"y":2.5187092,"z":0.24275906,"quality":56},"superFrameNumber":1010}
UWB,1669366825554,{"position":{"x":-0.27495027,"y":2.5460622,"z":0.19853707,"quality":55},"superFrameNumber":1020}
UWB,1669366826555,{"position":{"x":-0.29730177,"y":2.5382357,"z":0.22059244,"quality":57},"superFrameNumber":1030}
UWB,1669366827554,{"position":{"x":-0.3127785,"y":2.5286994,"z":0.21709071,"quality":57},"superFrameNumber":1040}
UWB,1669366828554,{"position":{"x":-0.31349605,"y":2.5577586,"z":0.196032,"quality":57},"superFrameNumber":1050}
UWB,1669366829554,{"position":{"x":-0.34929031,"y":2.5720406,"z":0.17042626,"quality":59},"superFrameNumber":1060}
UWB,1669366830554,{"position":{"x":-0.34265047,"y":2.551157,"z":0.17391768,"quality":56},"superFrameNumber":1070}
UWB,1669366831554,{"position":{"x":-0.34491009,"y":2.55341,"z":0.17248604,"quality":57},"superFrameNumber":1080}
UWB,1669366832555,{"position":{"x":-0.30348378,"y":2.5490732,"z":0.16406868,"quality":54},"superFrameNumber":1090}
UWB,1669366833554,{"position":{"x":-0.26167923,"y":2.5687268,"z":0.13697155,"quality":55},"superFrameNumber":1100}
UWB,1669366834554,{"position":{"x":-0.25430751,"y":2.5786777,"z":0.13573137,"quality":56},"superFrameNumber":1110}
UWB,1669366835554,{"position":{"x":-0.24137886,"y":2.5837564,"z":0.12118994,"quality":55},"superFrameNumber":1120}
UWB,1669366836554,{"position":{"x":-0.26115584,"y":2.5597017,"z":0.16251518,"quality":56},"superFrameNumber":1130}
UWB,1669366837554,{"position":{"x":-0.31427026,"y":2.5499709,"z":0.16706052,"quality":59},"superFrameNumber":1140}
UWB,1669366838554,{"position":{"x":-0.310664,"y":2.5291955,"z":0.18268904,"quality":56},"superFrameNumber":1150}
UWB,1669366839554,{"position":{"x":-0.29737094,"y":2.5259674,"z":0.20406225,"quality":55},"superFrameNumber":1160}
UWB,1669366840554,{"position":{"x":-0.30631179,"y":2.5442281,"z":0.17466873,"quality":57},"superFrameNumber":1170}
UWB,1669366841554,{"position":{"x":-0.28130648,"y":2.5473156,"z":0.157169,"quality":55},"superFrameNumber":1180}
UWB,1669366842554,{"position":{"x":-0.28039265,"y":2.545661,"z":0.17243552,"quality":56},"superFrameNumber":1190}
UWB,1669366843555,{"position":{"x":-0.30052218,"y":2.5465755,"z":0.18184134,"quality":57},"superFrameNumber":1200}
UWB,1669366844554,{"position":{"x":-0.2703346,"y":2.5546892,"z":0.15404369,"quality":55},"superFrameNumber":1210}
UWB,1669366845554,{"position":{"x":-0.28422856,"y":2.5573044,"z":0.15890026,"quality":57},"superFrameNumber":1220}
UWB,1669366846554,{"position":{"x":-0.27196372,"y":2.5748117,"z":0.13181287,"quality":56},"superFrameNumber":1230}
UWB,1669366847554,{"position":{"x":-0.29108673,"y":2.5648708,"z":0.15397683,"quality":57},"superFrameNumber":1240}
UWB,1669366848554,{"position":{"x":-0.27597877,"y":2.549062,"z":0.17237784,"quality":55},"superFrameNumber":1250}
UWB,1669366849554,{"position":{"x":-0.28999329,"y":2.542371,"z":0.17799351,"quality":57},"superFrameNumber":1260}
UWB,1669366850554,{"position":{"x":-0.286481,"y":2.5608532,"z":0.15915608,"quality":56},"superFrameNumber":1270}
UWB,1669366851554,{"position":{"x":-0.2888945,"y":2.5344603,"z":0.178831,"quality":56},"superFrameNumber":1280}
UWB,1669366852555,{"position":{"x":-0.30576169,"y":2.5583327,"z":0.16001619,"quality":58},"superFrameNumber":1290}
UWB,1669366853555,{"position":{"x":-0.30853838,"y":2.5741086,"z":0.13933276,"quality":57},"superFrameNumber":1300}
UWB,1669366854555,{"position":{"x":-0.2794379,"y":2.5602133,"z":0.16032264,"quality":54},"superFrameNumber":1310}
UWB,1669366855554,{"position":{"x":-0.25141683,"y":2.5487132,"z":0.17281629,"quality":54},"superFrameNumber":1320}
UWB,1669366856555,{"position":{"x":-0.25420025,"y":2.5587521,"z":0.16438214,"quality":56},"superFrameNumber":1330}
UWB,1669366857554,{"position":{"x":-0.2619091,"y":2.5751934,"z":0.14642407,"quality":57},"superFrameNumber":1340}
UWB,1669366858555,{"position":{"x":-0.30027941,"y":2.5349767,"z":0.20959391,"quality":57},"superFrameNumber":1350}
UWB,1669366859555,{"position":{"x":-0.30191749,"y":2.5400426,"z":0.1931463,"quality":57},"superFrameNumber":1360}
UWB,1669366860555,{"position":{"x":-0.27240553,"y":2.5534456,"z":0.1776568,"quality":55},"superFrameNumber":1370}
UWB,1669366861555,{"position":{"x":-0.27052632,"y":2.5500062,"z":0.1794505,"quality":56},"superFrameNumber":1380}
UWB,1669366862554,{"position":{"x":-0.24896003,"y":2.5595429,"z":0.16326082,"quality":55},"superFrameNumber":1390}
UWB,1669366863554,{"position":{"x":-0.28784096,"y":2.5426724,"z":0.20235997,"quality":57},"superFrameNumber":1400}
UWB,1669366864554,{"position":{"x":-0.32636613,"y":2.5236173,"z":0.21324818,"quality":58},"superFrameNumber":1410}
UWB,1669366865555,{"position":{"x":-0.32445118,"y":2.5225961,"z":0.20292842,"quality":57},"superFrameNumber":1420}
UWB,1669366866554,{"position":{"x":-0.30042183,"y":2.5296412,"z":0.18103364,"quality":55},"superFrameNumber":1430}
UWB,1669366867555,{"position":{"x":-0.27483565,"y":2.5416958,"z":0.16437557,"quality":55},"superFrameNumber":0}
UWB,1669366868555,{"position":{"x":-0.30088985,"y":2.5453298,"z":0.17198986,"quality":58},"superFrameNumber":10}
UWB,1669366869555,{"position":{"x":-0.33183652,"y":2.5261791,"z":0.20371084,"quality":58},"superFrameNumber":20}
UWB,1669366870555,{"position":{"x":-0.34151474,"y":2.5141075,"z":0.22798023,"quality":57},"superFrameNumber":30}
UWB,1669366871555,{"position":{"x":-0.33420518,"y":2.5076821,"z":0.22717336,"quality":56},"superFrameNumber":40}
UWB,1669366872554,{"position":{"x":-0.32468188,"y":2.5051932,"z":0.25216696,"quality":55},"superFrameNumber":50}
UWB,1669366873555,{"position":{"x":-0.32988584,"y":2.5093024,"z":0.22621307,"quality":57},"superFrameNumber":60}
UWB,1669366874555,{"position":{"x":-0.32266912,"y":2.5151262,"z":0.23429638,"quality":56},"superFrameNumber":70}
UWB,1669366875555,{"position":{"x":-0.31042674,"y":2.5406814,"z":0.19694626,"quality":57},"superFrameNumber":80}
UWB,1669366876555,{"position":{"x":-0.29864618,"y":2.540148,"z":0.18604927,"quality":56},"superFrameNumber":90}
UWB,1669366877554,{"position":{"x":-0.31474832,"y":2.5441942,"z":0.18136159,"quality":57},"superFrameNumber":100}
UWB,1669366878555,{"position":{"x":-0.34459406,"y":2.52323,"z":0.22959425,"quality":57},"superFrameNumber":110}
UWB,1669366879555,{"position":{"x":-0.35205832,"y":2.5006547,"z":0.2583575,"quality":56},"superFrameNumber":120}
UWB,1669366880555,{"position":{"x":-0.34181672,"y":2.50868,"z":0.26504552,"quality":56},"superFrameNumber":130}
UWB,1669366881555,{"position":{"x":-0.31731793,"y":2.5390148,"z":0.21077237,"quality":56},"superFrameNumber":140}
UWB,1669366882555,{"position":{"x":-0.36958349,"y":2.5099201,"z":0.26495329,"quality":59},"superFrameNumber":150}
UWB,1669366883554,{"position":{"x":-0.33580729,"y":2.533716,"z":0.21293668,"quality":56},"superFrameNumber":160}
UWB,1669366884555,{"position":{"x":-0.36547938,"y":2.5144665,"z":0.22758189,"quality":58},"superFrameNumber":170}
UWB,1669366885555,{"position":{"x":-0.35506469,"y":2.5255194,"z":0.2080874,"quality":57},"superFrameNumber":180}
UWB,1669366886555,{"position":{"x":-0.32897055,"y":2.5416484,"z":0.17394522,"quality":56},"superFrameNumber":190}
UWB,1669366887555,{"position":{"x":-0.32447892,"y":2.5482831,"z":0.17834511,"quality":56},"superFrameNumber":200}
UWB,1669366888554,{"position":{"x":-0.30769455,"y":2.5607383,"z":0.16714777,"quality":56},"superFrameNumber":210}
UWB,1669366889555,{"position":{"x":-0.28515047,"y":2.5706754,"z":0.1607423,"quality":55},"superFrameNumber":220}
UWB,1669366890555,{"position":{"x":-0.24196483,"y":2.5696118,"z":0.15923324,"quality":53},"superFrameNumber":230}
UWB,1669366891555,{"position":{"x":-0.26027977,"y":2.5751674,"z":0.14487511,"quality":57},"superFrameNumber":240}
UWB,1669366892555,{"position":{"x":-0.22787732,"y":2.5837209,"z":0.11876857,"quality":55},"superFrameNumber":250}
UWB,1669366893555,{"position":{"x":-0.27839854,"y":2.5536559,"z":0.17686778,"quality":57},"superFrameNumber":260}
UWB,1669366894555,{"position":{"x":-0.26782575,"y":2.5480845,"z":0.16246736,"quality":55},"superFrameNumber":270}
UWB,1669366895555,{"position":{"x":-0.27574584,"y":2.559751,"z":0.15784383,"quality":57},"superFrameNumber":280}
UWB,1669366896555,{"position":{"x":-0.24754977,"y":2.5683155,"z":0.13846555,"quality":55},"superFrameNumber":290}
UWB,1669366897555,{"position":{"x":-0.2709977,"y":2.557883,"z":0.14929985,"quality":57},"superFrameNumber":300}
UWB,1669366898555,{"position":{"x":-0.2737698,"y":2.5593646,"z":0.14402969,"quality":56},"superFrameNumber":310}
UWB,1669366899554,{"position":{"x":-0.27107325,"y":2.5626051,"z":0.13645375,"quality":56},"superFrameNumber":320}
UWB,1669366900555,{"position":{"x":-0.29041618,"y":2.5670285,"z":0.13306659,"quality":57},"superFrameNumber":330}
UWB,1669366901555,{"position":{"x":-0.25392753,"y":2.5571904,"z":0.14073521,"quality":54},"superFrameNumber":340}
UWB,1669366902555,{"position":{"x":-0.28063127,"y":2.5314093,"z":0.19378318,"quality":56},"superFrameNumber":350}
UWB,1669366903555,{"position":{"x":-0.24578424,"y":2.5443828,"z":0.15662327,"quality":55},"superFrameNumber":360}
UWB,1669366904555,{"position":{"x":-0.27897879,"y":2.5553191,"z":0.15887025,"quality":58},"superFrameNumber":370}
UWB,1669366905554,{"position":{"x":-0.312677,"y":2.5101578,"z":0.21690926,"quality":57},"superFrameNumber":380}
UWB,1669366906555,{"position":{"x":-0.35541898,"y":2.4885242,"z":0.25786954,"quality":58},"superFrameNumber":390}
UWB,1669366907555,{"position":{"x":-0.35278812,"y":2.5084946,"z":0.22613481,"quality":57},"superFrameNumber":400}
UWB,1669366908555,{"position":{"x":-0.34814915,"y":2.5034642,"z":0.24358472,"quality":56},"superFrameNumber":410}
UWB,1669366909555,{"position":{"x":-0.35729742,"y":2.5212085,"z":0.23541369,"quality":58},"superFrameNumber":420}
UWB,1669366910554,{"position":{"x":-0.34348816,"y":2.5442243,"z":0.19815113,"quality":57},"superFrameNumber":430}
UWB,1669366911555,{"position":{"x":-0.34179911,"y":2.5462217,"z":0.19291532,"quality":57},"superFrameNumber":440}
UWB,1669366912555,{"position":{"x":-0.31187579,"y":2.5650692,"z":0.17084198,"quality":56},"superFrameNumber":450}
UWB,1669366913555,{"position":{"x":-0.31667334,"y":2.5719273,"z":0.1804091,"quality":57},"superFrameNumber":460}
UWB,1669366914555,{"position":{"x":-0.33346242,"y":2.5555558,"z":0.19403856,"quality":57},"superFrameNumber":470}
UWB,1669366915554,{"position":{"x":-0.32690233,"y":2.5428829,"z":0.20175089,"quality":56},"superFrameNumber":480}
UWB,1669366916555,{"position":{"x":-0.30511808,"y":2.5579445,"z":0.16835845,"quality":56},"superFrameNumber":490}
UWB,1669366917555,{"position":{"x":-0.29377925,"y":2.6262317,"z":0.23373391,"quality":70},"superFrameNumber":500}
UWB,1669366918555,{"position":{"x":-0.27520341,"y":2.6165991,"z":0.19305189,"quality":56},"superFrameNumber":510}
UWB,1669366919555,{"position":{"x":-0.27898014,"y":2.6088943,"z":0.16342299,"quality":57},"superFrameNumber":520}
UWB,1669366920555,{"position":{"x":-0.27963689,"y":2.6098094,"z":0.14770567,"quality":57},"superFrameNumber":530}
UWB,1669366921555,{"position":{"x":-0.28468898,"y":2.5860252,"z":0.17781121,"quality":56},"superFrameNumber":540}
UWB,1669366922555,{"position":{"x":-0.29742977,"y":2.581434,"z":0.17006879,"quality":57},"superFrameNumber":550}
UWB,1669366923555,{"position":{"x":-0.30491737,"y":2.5787055,"z":0.16293579,"quality":57},"superFrameNumber":560}
UWB,1669366924555,{"position":{"x":-0.347103,"y":2.5530427,"z":0.1859156,"quality":59},"superFrameNumber":570}
UWB,1669366925555,{"position":{"x":-0.35298824,"y":2.5356014,"z":0.20197511,"quality":57},"superFrameNumber":580}
UWB,1669366926554,{"position":{"x":-0.32236344,"y":2.5428584,"z":0.18769248,"quality":55},"superFrameNumber":590}
UWB,1669366927555,{"position":{"x":-0.32929727,"y":2.5496926,"z":0.17714761,"quality":57},"superFrameNumber":600}
UWB,1669366928555,{"position":{"x":-0.33726263,"y":2.5407989,"z":0.19199415,"quality":57},"superFrameNumber":610}
UWB,1669366929555,{"position":{"x":-0.32698074,"y":2.5258765,"z":0.20861816,"quality":56},"superFrameNumber":620}
UWB,1669366930555,{"position":{"x":-0.3122035,"y":2.5262678,"z":0.21553466,"quality":55},"superFrameNumber":630}
UWB,1669366931555,{"position":{"x":-0.30764961,"y":2.5248086,"z":0.215857,"quality":56},"superFrameNumber":640}
UWB,1669366932555,{"position":{"x":-0.34183133,"y":2.529918,"z":0.21338597,"quality":58},"superFrameNumber":650}
UWB,1669366933555,{"position":{"x":-0.34206229,"y":2.5425334,"z":0.19051546,"quality":57},"superFrameNumber":660}
UWB,1669366934555,{"position":{"x":-0.34559533,"y":2.539928,"z":0.21621591,"quality":57},"superFrameNumber":670}
UWB,1669366935555,{"position":{"x":-0.30703482,"y":2.5629797,"z":0.18783605,"quality":55},"superFrameNumber":680}
UWB,1669366936555,{"position":{"x":-0.29509297,"y":2.5626714,"z":0.19132771,"quality":56},"superFrameNumber":690}
UWB,1669366937554,{"position":{"x":-0.30206463,"y":2.5303123,"z":0.20587327,"quality":56},"superFrameNumber":700}
UWB,1669366938555,{"position":{"x":-0.30340028,"y":2.5340981,"z":0.2020876,"quality":56},"superFrameNumber":710}
UWB,1669366939555,{"position":{"x":-0.31729969,"y":2.5049965,"z":0.22776052,"quality":56},"superFrameNumber":720}
UWB,1669366940555,{"position":{"x":-0.3185586,"y":2.4912961,"z":0.23956048,"quality":56},"superFrameNumber":730}
UWB,1669366941555,{"position":{"x":-0.29999748,"y":2.5134785,"z":0.22104761,"quality":56},"superFrameNumber":740}
UWB,1669366942555,{"position":{"x":-0.29729718,"y":2.5013418,"z":0.21930556,"quality":56},"superFrameNumber":750}
UWB,1669366943554,{"position":{"x":-0.27670169,"y":2.5185719,"z":0.1921663,"quality":55},"superFrameNumber":760}
UWB,1669366944555,{"position":{"x":-0.29045349,"y":2.5148954,"z":0.2058516,"quality":56},"superFrameNumber":770}
UWB,1669366945555,{"position":{"x":-0.2971698,"y":2.5124421,"z":0.21721053,"quality":56},"superFrameNumber":780}
UWB,1669366946555,{"position":{"x":-0.29735643,"y":2.5067399,"z":0.22020999,"quality":56},"superFrameNumber":790}
UWB,1669366947555,{"position":{"x":-0.28907531,"y":2.5080969,"z":0.22554253,"quality":55},"superFrameNumber":800}
UWB,1669366948555,{"position":{"x":-0.2855252,"y":2.5077477,"z":0.23193157,"quality":55},"superFrameNumber":810}
UWB,1669366949555,{"position":{"x":-0.310103,"y":2.497751,"z":0.23862082,"quality":57},"superFrameNumber":820}
UWB,1669366950555,{"position":{"x":-0.2999481,"y":2.5128422,"z":0.23521286,"quality":56},"superFrameNumber":830}
UWB,1669366951555,{"position":{"x":-0.33355445,"y":2.5170584,"z":0.24570276,"quality":58},"superFrameNumber":840}
UWB,1669366952555,{"position":{"x":-0.33312467,"y":2.5379813,"z":0.21530974,"quality":57},"superFrameNumber":850}
UWB,1669366953555,{"position":{"x":-0.30339533,"y":2.5545833,"z":0.17934427,"quality":56},"superFrameNumber":860}
UWB,1669366954554,{"position":{"x":-0.31006587,"y":2.5659254,"z":0.15769692,"quality":57},"superFrameNumber":870}
UWB,1669366955555,{"position":{"x":-0.30253136,"y":2.5720577,"z":0.15103818,"quality":56},"superFrameNumber":880}
UWB,1669366956555,{"position":{"x":-0.27977046,"y":2.5732379,"z":0.14667962,"quality":55},"superFrameNumber":890}
UWB,1669366957555,{"position":{"x":-0.28477958,"y":2.5825906,"z":0.12643245,"quality":57},"superFrameNumber":900}
UWB,1669366958555,{"position":{"x":-0.31275469,"y":2.5717835,"z":0.13797435,"quality":58},"superFrameNumber":910}
UWB,1669366959554,{"position":{"x":-0.31482103,"y":2.5488048,"z":0.15685631,"quality":56},"superFrameNumber":920}
UWB,1669366960555,{"position":{"x":-0.29586968,"y":2.5623653,"z":0.14068885,"quality":56},"superFrameNumber":930}
UWB,1669366961555,{"position":{"x":-0.30477318,"y":2.5565126,"z":0.16061608,"quality":57},"superFrameNumber":940}
UWB,1669366962555,{"position":{"x":-0.36214927,"y":2.5142512,"z":0.23303314,"quality":59},"superFrameNumber":950}
UWB,1669366963555,{"position":{"x":-0.32188234,"y":2.5299113,"z":0.20177773,"quality":55},"superFrameNumber":960}
UWB,1669366964556,{"position":{"x":-0.30595538,"y":2.55063,"z":0.18164758,"quality":56},"superFrameNumber":970}
UWB,1669366965554,{"position":{"x":-0.3026835,"y":2.5468178,"z":0.19954552,"quality":56},"superFrameNumber":980}
UWB,1669366966555,{"position":{"x":-0.305105,"y":2.5317683,"z":0.21918623,"quality":56},"superFrameNumber":990}
UWB,1669366967555,{"position":{"x":-0.32510775,"y":2.5239367,"z":0.22961706,"quality":57},"superFrameNumber":1000}
UWB,1669366968555,{"position":{"x":-0.34422377,"y":2.4846668,"z":0.28148863,"quality":56},"superFrameNumber":1010}
UWB,1669366969555,{"position":{"x":-0.37001958,"y":2.4824383,"z":0.28856841,"quality":58},"superFrameNumber":1020}
UWB,1669366970555,{"position":{"x":-0.34225768,"y":2.5177941,"z":0.2429325,"quality":56},"superFrameNumber":1030}
UWB,1669366971555,{"position":{"x":-0.30285412,"y":2.5404236,"z":0.21192113,"quality":55},"superFrameNumber":1040}
UWB,1669366972555,{"position":{"x":-0.318925,"y":2.5384698,"z":0.20532925,"quality":57},"superFrameNumber":1050}
UWB,1669366973555,{"position":{"x":-0.33289921,"y":2.5377064,"z":0.20591095,"quality":57},"superFrameNumber":1060}
UWB,1669366974555,{"position":{"x":-0.32052538,"y":2.5492768,"z":0.18149188,"quality":56},"superFrameNumber":1070}
UWB,1669366975554,{"position":{"x":-0.31080109,"y":2.5357566,"z":0.19078751,"quality":56},"superFrameNumber":1080}
UWB,1669366976556,{"position":{"x":-0.33362043,"y":2.5328813,"z":0.20026998,"quality":58},"superFrameNumber":1090}
UWB,1669366977555,{"position":{"x":-0.32203463,"y":2.5429,"z":0.18734631,"quality":56},"superFrameNumber":1100}
UWB,1669366978555,{"position":{"x":-0.30553183,"y":2.5525906,"z":0.1796409,"quality":56},"superFrameNumber":1110}
UWB,1669366979555,{"position":{"x":-0.32318556,"y":2.5647385,"z":0.15729353,"quality":58},"superFrameNumber":1120}
UWB,1669366980555,{"position":{"x":-0.3356483,"y":2.5441949,"z":0.19578676,"quality":57},"superFrameNumber":1130}
UWB,1669366981556,{"position":{"x":-0.32281286,"y":2.5317345,"z":0.21666832,"quality":55},"superFrameNumber":1140}
UWB,1669366982555,{"position":{"x":-0.35983413,"y":2.5208066,"z":0.2407793,"quality":58},"superFrameNumber":1150}
UWB,1669366983555,{"position":{"x":-0.35390878,"y":2.5357261,"z":0.21685892,"quality":57},"superFrameNumber":1160}
UWB,1669366984555,{"position":{"x":-0.3485072,"y":2.530926,"z":0.22391564,"quality":56},"superFrameNumber":1170}
UWB,1669366985555,{"position":{"x":-0.32607117,"y":2.5271883,"z":0.21217501,"quality":56},"superFrameNumber":1180}
UWB,1669366986554,{"position":{"x":-0.29968992,"y":2.5207438,"z":0.20953891,"quality":55},"superFrameNumber":1190}
UWB,1669366987556,{"position":{"x":-0.28660595,"y":2.5279765,"z":0.19102737,"quality":56},"superFrameNumber":1200}
UWB,1669366988555,{"position":{"x":-0.27790242,"y":2.5439787,"z":0.15254989,"quality":56},"superFrameNumber":1210}
UWB,1669366989555,{"position":{"x":-0.27706879,"y":2.5499256,"z":0.15909931,"quality":56},"superFrameNumber":1220}
UWB,1669366990555,{"position":{"x":-0.26359946,"y":2.5646813,"z":0.13389346,"quality":56},"superFrameNumber":1230}
UWB,1669366991555,{"position":{"x":-0.2622368,"y":2.5668719,"z":0.14253579,"quality":56},"superFrameNumber":1240}
UWB,1669366992554,{"position":{"x":-0.28744528,"y":2.548461,"z":0.18024857,"quality":57},"superFrameNumber":1250}
UWB,1669366993556,{"position":{"x":-0.29175878,"y":2.5630391,"z":0.15710399,"quality":57},"superFrameNumber":1260}
UWB,1669366994555,{"position":{"x":-0.27930027,"y":2.554096,"z":0.16364545,"quality":55},"superFrameNumber":1270}
UWB,1669366995555,{"position":{"x":-0.3224926,"y":2.5544062,"z":0.18134277,"quality":59},"superFrameNumber":1280}
UWB,1669366996555,{"position":{"x":-0.31019729,"y":2.5714991,"z":0.16135061,"quality":56},"superFrameNumber":1290}
UWB,1669366997554,{"position":{"x":-0.30283049,"y":2.5543475,"z":0.1665879,"quality":56},"superFrameNumber":1300}
UWB,1669366998556,{"position":{"x":-0.2749612,"y":2.5664685,"z":0.14470817,"quality":55},"superFrameNumber":1310}
UWB,1669366999555,{"position":{"x":-0.30139324,"y":2.5498848,"z":0.16735433,"quality":57},"superFrameNumber":1320}
UWB,1669367000555,{"position":{"x":-0.29273283,"y":2.5388646,"z":0.18623951,"quality":55},"superFrameNumber":1330}
UWB,1669367001555,{"position":{"x":-0.30293205,"y":2.5536292,"z":0.17784764,"quality":57},"superFrameNumber":1340}
UWB,1669367002555,{"position":{"x":-0.31137642,"y":2.5163267,"z":0.22691187,"quality":56},"superFrameNumber":1350}
UWB,1669367003555,{"position":{"x":-0.29765013,"y":2.533112,"z":0.20665669,"quality":56},"superFrameNumber":1360}
UWB,1669367004555,{"position":{"x":-0.30200756,"y":2.5416071,"z":0.1952126,"quality":57},"superFrameNumber":1370}
UWB,1669367005555,{"position":{"x":-0.25013408,"y":2.5575354,"z":0.15321773,"quality":54},"superFrameNumber":1380}
UWB,1669367006555,{"position":{"x":-0.25951922,"y":2.5662239,"z":0.13321881,"quality":57},"superFrameNumber":1390}
UWB,1669367007555,{"position":{"x":-0.29548812,"y":2.5523782,"z":0.16209596,"quality":58},"superFrameNumber":1400}
UWB,1669367008554,{"position":{"x":-0.27178609,"y":2.5644653,"z":0.15639071,"quality":55},"superFrameNumber":1410}
UWB,1669367009556,{"position":{"x":-0.27552325,"y":2.5311797,"z":0.18972592,"quality":55},"superFrameNumber":1420}
UWB,1669367010555,{"position":{"x":-0.24800797,"y":2.5562246,"z":0.14579567,"quality":55},"superFrameNumber":1430}
UWB,1669367011555,{"position":{"x":-0.26722103,"y":2.5368252,"z":0.17175128,"quality":56},"superFrameNumber":0}
UWB,1669367012555,{"position":{"x":-0.2437121,"y":2.5408165,"z":0.16967121,"quality":54},"superFrameNumber":10}
UWB,1669367013555,{"position":{"x":-0.25360113,"y":2.5436182,"z":0.16760594,"quality":56},"superFrameNumber":20}
UWB,1669367014554,{"position":{"x":-0.31240529,"y":2.5093315,"z":0.23918509,"quality":58},"superFrameNumber":30}
UWB,1669367015556,{"position":{"x":-0.32506764,"y":2.5256665,"z":0.22493294,"quality":57},"superFrameNumber":40}
UWB,1669367016555,{"position":{"x":-0.34870133,"y":2.5041585,"z":0.25870788,"quality":57},"superFrameNumber":50}
UWB,1669367017555,{"position":{"x":-0.33346027,"y":2.515363,"z":0.22337481,"quality":56},"superFrameNumber":60}
UWB,1669367018555,{"position":{"x":-0.30091542,"y":2.5161145,"z":0.22372749,"quality":54},"superFrameNumber":70}
UWB,1669367019554,{"position":{"x":-0.33190241,"y":2.5083759,"z":0.23206902,"quality":58},"superFrameNumber":80}
UWB,1669367020556,{"position":{"x":-0.32636449,"y":2.51141,"z":0.23508126,"quality":56},"superFrameNumber":90}
UWB,1669367021555,{"position":{"x":-0.30311719,"y":2.5306606,"z":0.19622368,"quality":56},"superFrameNumber":100}
UWB,1669367022555,{"position":{"x":-0.26999158,"y":2.5322843,"z":0.18330501,"quality":54},"superFrameNumber":110}
UWB,1669367023555,{"position":{"x":-0.29311121,"y":2.5289855,"z":0.20535237,"quality":57},"superFrameNumber":120}
UWB,1669367024555,{"position":{"x":-0.28577816,"y":2.54008,"z":0.19634333,"quality":56},"superFrameNumber":130}
UWB,1669367025554,{"position":{"x":-0.31865746,"y":2.5338879,"z":0.21263872,"quality":58},"superFrameNumber":140}
UWB,1669367026556,{"position":{"x":-0.304739,"y":2.5407329,"z":0.18571223,"quality":56},"superFrameNumber":150}
UWB,1669367027555,{"position":{"x":-0.29976511,"y":2.5410764,"z":0.18530104,"quality":56},"superFrameNumber":160}
UWB,1669367028555,{"position":{"x":-0.29475173,"y":2.5445414,"z":0.18432347,"quality":56},"superFrameNumber":170}
UWB,1669367029555,{"position":{"x":-0.26293069,"y":2.5518289,"z":0.16346624,"quality":55},"superFrameNumber":180}
UWB,1669367030554,{"position":{"x":-0.24371392,"y":2.5620492,"z":0.15983622,"quality":55},"superFrameNumber":190}
UWB,1669367031555,{"position":{"x":-0.22800356,"y":2.5674434,"z":0.15206392,"quality":55},"superFrameNumber":200}
UWB,1669367032555,{"position":{"x":-0.26228827,"y":2.5800705,"z":0.13640523,"quality":58},"superFrameNumber":210}
UWB,1669367033555,{"position":{"x":-0.26083404,"y":2.5790868,"z":0.13729621,"quality":56},"superFrameNumber":220}
UWB,1669367034555,{"position":{"x":-0.26744482,"y":2.5775545,"z":0.14011599,"quality":56},"superFrameNumber":230}
UWB,1669367035555,{"position":{"x":-0.26491898,"y":2.5744252,"z":0.13184242,"quality":56},"superFrameNumber":240}
UWB,1669367036555,{"position":{"x":-0.2881968,"y":2.5623574,"z":0.16184193,"quality":57},"superFrameNumber":250}
UWB,1669367037555,{"position":{"x":-0.29034102,"y":2.5792508,"z":0.14306588,"quality":57},"superFrameNumber":260}
UWB,1669367038555,{"position":{"x":-0.28358191,"y":2.5745885,"z":0.15006612,"quality":56},"superFrameNumber":270}
UWB,1669367039555,{"position":{"x":-0.25688383,"y":2.5777817,"z":0.13326727,"quality":55},"superFrameNumber":280}
UWB,1669367040555,{"position":{"x":-0.27993876,"y":2.5777364,"z":0.14388417,"quality":57},"superFrameNumber":290}
UWB,1669367041555,{"position":{"x":-0.29130483,"y":2.5750623,"z":0.1546946,"quality":57},"superFrameNumber":300}
UWB,1669367042555,{"position":{"x":-0.29257423,"y":2.5883012,"z":0.14034568,"quality":57},"superFrameNumber":310}
UWB,1669367043555,{"position":{"x":-0.32276312,"y":2.5510654,"z":0.17344359,"quality":57},"superFrameNumber":320}
UWB,1669367044555,{"position":{"x":-0.32764471,"y":2.5514855,"z":0.15806209,"quality":57},"superFrameNumber":330}
UWB,1669367045555,{"position":{"x":-0.33545229,"y":2.5641439,"z":0.16030785,"quality":57},"superFrameNumber":340}
UWB,1669367046554,{"position":{"x":-0.33718973,"y":2.5574625,"z":0.16182633,"quality":57},"superFrameNumber":350}
UWB,1669367047555,{"position":{"x":-0.35389569,"y":2.5416193,"z":0.17715065,"quality":58},"superFrameNumber":360}
UWB,1669367048555,{"position":{"x":-0.32686624,"y":2.5629632,"z":0.15189007,"quality":56},"superFrameNumber":370}
UWB,1669367049555,{"position":{"x":-0.35152736,"y":2.5512705,"z":0.18147156,"quality":58},"superFrameNumber":380}
UWB,1669367050555,{"position":{"x":-0.30381364,"y":2.564965,"z":0.15399146,"quality":55},"superFrameNumber":390}
UWB,1669367051555,{"position":{"x":-0.31263879,"y":2.552752,"z":0.17090228,"quality":57},"superFrameNumber":400}
UWB,1669367052555,{"position":{"x":-0.29712713,"y":2.548862,"z":0.17481685,"quality":55},"superFrameNumber":410}
UWB,1669367053555,{"position":{"x":-0.33008128,"y":2.5225039,"z":0.20708069,"quality":58},"superFrameNumber":420}
UWB,1669367054555,{"position":{"x":-0.32254943,"y":2.5364363,"z":0.18495125,"quality":57},"superFrameNumber":430}
UWB,1669367055555,{"position":{"x":-0.32557812,"y":2.5396724,"z":0.17778645,"quality":57},"superFrameNumber":440}
UWB,1669367056555,{"position":{"x":-0.28176567,"y":2.5394747,"z":0.15416394,"quality":54},"superFrameNumber":450}
UWB,1669367057555,{"position":{"x":-0.3143698,"y":2.5260494,"z":0.18544519,"quality":58},"superFrameNumber":460}
UWB,1669367058555,{"position":{"x":-0.2709989,"y":2.5437667,"z":0.17959253,"quality":54},"superFrameNumber":470}
UWB,1669367059555,{"position":{"x":-0.23859632,"y":2.546989,"z":0.1632334,"quality":54},"superFrameNumber":480}
UWB,1669367060556,{"position":{"x":-0.205365,"y":2.5652168,"z":0.13241431,"quality":54},"superFrameNumber":490}
UWB,1669367061555,{"position":{"x":-0.22491899,"y":2.5484674,"z":0.15922436,"quality":56},"superFrameNumber":500}
UWB,1669367062555,{"position":{"x":-0.29192737,"y":2.5093484,"z":0.22551131,"quality":58},"superFrameNumber":510}
UWB,1669367063555,{"position":{"x":-0.28746527,"y":2.5359061,"z":0.1869864,"quality":57},"superFrameNumber":520}
UWB,1669367064555,{"position":{"x":-0.29165906,"y":2.549685,"z":0.18178752,"quality":57},"superFrameNumber":530}
UWB,1669367065555,{"position":{"x":-0.29460552,"y":2.55796,"z":0.16249701,"quality":57},"superFrameNumber":540}
UWB,1669367066556,{"position":{"x":-0.29280534,"y":2.5533116,"z":0.16896711,"quality":56},"superFrameNumber":550}
UWB,1669367067555,{"position":{"x":-0.27147236,"y":2.5646985,"z":0.15230691,"quality":55},"superFrameNumber":560}
UWB,1669367068555,{"position":{"x":-0.29154742,"y":2.5445616,"z":0.17143841,"quality":57},"superFrameNumber":570}
UWB,1669367069555,{"position":{"x":-0.32270697,"y":2.5224211,"z":0.23397306,"quality":57},"superFrameNumber":580}
UWB,1669367070555,{"position":{"x":-0.33362478,"y":2.4964104,"z":0.27800298,"quality":56},"superFrameNumber":590}
UWB,1669367071556,{"position":{"x":-0.3026436,"y":2.5162685,"z":0.23409441,"quality":55},"superFrameNumber":600}
UWB,1669367072555,{"position":{"x":-0.32808268,"y":2.5346162,"z":0.23402311,"quality":58},"superFrameNumber":610}
UWB,1669367073555,{"position":{"x":-0.31256688,"y":2.552974,"z":0.209755,"quality":56},"superFrameNumber":620}
UWB,1669367074555,{"position":{"x":-0.31923994,"y":2.5368395,"z":0.22086018,"quality":56},"superFrameNumber":630}
UWB,1669367075555,{"position":{"x":-0.30972078,"y":2.5380833,"z":0.19932997,"quality":56},"superFrameNumber":640}
UWB,1669367076555,{"position":{"x":-0.2692312,"y":2.5572467,"z":0.15817533,"quality":55},"superFrameNumber":650}
UWB,1669367077556,{"position":{"x":-0.27877522,"y":2.5395212,"z":0.15458766,"quality":56},"superFrameNumber":660}
UWB,1669367078555,{"position":{"x":-0.312929,"y":2.5118887,"z":0.21874551,"quality":57},"superFrameNumber":670}
UWB,1669367079555,{"position":{"x":-0.32829687,"y":2.4777257,"z":0.25975266,"quality":56},"superFrameNumber":680}
UWB,1669367080556,{"position":{"x":-0.30633062,"y":2.5023766,"z":0.22315723,"quality":56},"superFrameNumber":690}
UWB,1669367081556,{"position":{"x":-0.33122882,"y":2.5019784,"z":0.22917654,"quality":58},"superFrameNumber":700}
UWB,1669367082556,{"position":{"x":-0.32478824,"y":2.4904046,"z":0.2273169,"quality":56},"superFrameNumber":710}
UWB,1669367083556,{"position":{"x":-0.33574614,"y":2.5217414,"z":0.20785131,"quality":58},"superFrameNumber":720}
UWB,1669367084556,{"position":{"x":-0.31483877,"y":2.5213156,"z":0.20672412,"quality":55},"superFrameNumber":730}
UWB,1669367085555,{"position":{"x":-0.30785048,"y":2.5290611,"z":0.20778576,"quality":56},"superFrameNumber":740}
UWB,1669367086556,{"position":{"x":-0.29317233,"y":2.548274,"z":0.16625643,"quality":56},"superFrameNumber":750}
UWB,1669367087556,{"position":{"x":-0.2718417,"y":2.5567851,"z":0.14397064,"quality":55},"superFrameNumber":760}
UWB,1669367088556,{"position":{"x":-0.22819084,"y":2.5635669,"z":0.14569871,"quality":53},"superFrameNumber":770}
UWB,1669367089555,{"position":{"x":-0.29320571,"y":2.5579591,"z":0.16863319,"quality":59},"superFrameNumber":780}
UWB,1669367090555,{"position":{"x":-0.29511032,"y":2.5676246,"z":0.15377437,"quality":57},"superFrameNumber":790}
UWB,1669367091556,{"position":{"x":-0.26469263,"y":2.570498,"z":0.13881718,"quality":55},"superFrameNumber":800}
UWB,1669367092556,{"position":{"x":-0.26533377,"y":2.579452,"z":0.12892444,"quality":56},"superFrameNumber":810}
UWB,1669367093556,{"position":{"x":-0.27387685,"y":2.5823612,"z":0.13194361,"quality":57},"superFrameNumber":820}
UWB,1669367094556,{"position":{"x":-0.2496939,"y":2.5748234,"z":0.10979469,"quality":55},"superFrameNumber":830}
UWB,1669367095555,{"position":{"x":-0.30077451,"y":2.5633407,"z":0.14026934,"quality":58},"superFrameNumber":840}
UWB,1669367096556,{"position":{"x":-0.31619221,"y":2.5640781,"z":0.13531105,"quality":58},"superFrameNumber":850}
UWB,1669367097556,{"position":{"x":-0.35533741,"y":2.5267961,"z":0.20173298,"quality":58},"superFrameNumber":860}
UWB,1669367098556,{"position":{"x":-0.33062088,"y":2.544621,"z":0.19074701,"quality":56},"superFrameNumber":870}
UWB,1669367099556,{"position":{"x":-0.33245257,"y":2.5357423,"z":0.20309554,"quality":57},"superFrameNumber":880}
UWB,1669367100557,{"position":{"x":-0.29033092,"y":2.5599811,"z":0.17112836,"quality":55},"superFrameNumber":890}
UWB,1669367101556,{"position":{"x":-0.28598148,"y":2.5570745,"z":0.16147712,"quality":56},"superFrameNumber":900}
UWB,1669367102556,{"position":{"x":-0.29506516,"y":2.5552316,"z":0.16575673,"quality":57},"superFrameNumber":910}
UWB,1669367103556,{"position":{"x":-0.27925664,"y":2.5693288,"z":0.13822767,"quality":56},"superFrameNumber":920}
UWB,1669367104556,{"position":{"x":-0.28137675,"y":2.5670078,"z":0.13521275,"quality":56},"superFrameNumber":930}
UWB,1669367105556,{"position":{"x":-0.27894947,"y":2.5680742,"z":0.12847178,"quality":56},"superFrameNumber":940}
UWB,1669367106555,{"position":{"x":-0.25117263,"y":2.5763638,"z":0.12408268,"quality":55},"superFrameNumber":950}
UWB,1669367107556,{"position":{"x":-0.27601606,"y":2.5580139,"z":0.1601055,"quality":57},"superFrameNumber":960}
UWB,1669367108556,{"position":{"x":-0.286002,"y":2.5490358,"z":0.17866303,"quality":56},"superFrameNumber":970}
UWB,1669367109556,{"position":{"x":-0.26466516,"y":2.550355,"z":0.17915231,"quality":55},"superFrameNumber":980}
UWB,1669367110556,{"position":{"x":-0.25107533,"y":2.5399244,"z":0.19644718,"quality":54},"superFrameNumber":990}
UWB,1669367111556,{"position":{"x":-0.25264186,"y":2.5378726,"z":0.16754749,"quality":56},"superFrameNumber":1000}
UWB,1669367112556,{"position":{"x":-0.26741508,"y":2.5483801,"z":0.15311798,"quality":57},"superFrameNumber":1010}
UWB,1669367113556,{"position":{"x":-0.27325931,"y":2.5538127,"z":0.14700675,"quality":56},"superFrameNumber":1020}
UWB,1669367114556,{"position":{"x":-0.27729297,"y":2.5592906,"z":0.15261701,"quality":56},"superFrameNumber":1030}
UWB,1669367115556,{"position":{"x":-0.26805487,"y":2.5583427,"z":0.15831603,"quality":55},"superFrameNumber":1040}
UWB,1669367116556,{"position":{"x":-0.25327283,"y":2.5638845,"z":0.12868895,"quality":56},"superFrameNumber":1050}
UWB,1669367117555,{"position":{"x":-0.28366008,"y":2.5530887,"z":0.14546463,"quality":57},"superFrameNumber":1060}
UWB,1669367118556,{"position":{"x":-0.252821,"y":2.5592084,"z":0.14695327,"quality":54},"superFrameNumber":1070}
UWB,1669367119556,{"position":{"x":-0.28153086,"y":2.5614264,"z":0.14397193,"quality":58},"superFrameNumber":1080}
UWB,1669367120556,{"position":{"x":-0.26901779,"y":2.5771716,"z":0.12745912,"quality":56},"superFrameNumber":1090}
UWB,1669367121556,{"position":{"x":-0.30319545,"y":2.5262873,"z":0.19115809,"quality":57},"superFrameNumber":1100}
UWB,1669367122556,{"position":{"x":-0.24394965,"y":2.5435274,"z":0.17646207,"quality":53},"superFrameNumber":1110}
UWB,1669367123555,{"position":{"x":-0.23378636,"y":2.567508,"z":0.15384392,"quality":56},"superFrameNumber":1120}
UWB,1669367124556,{"position":{"x":-0.27564523,"y":2.572829,"z":0.14127626,"quality":58},"superFrameNumber":1130}
UWB,1669367125556,{"position":{"x":-0.24241503,"y":2.5815175,"z":0.10708106,"quality":55},"superFrameNumber":1140}
UWB,1669367126556,{"position":{"x":-0.26199698,"y":2.5742154,"z":0.11781345,"quality":57},"superFrameNumber":1150}
UWB,1669367127556,{"position":{"x":-0.25690833,"y":2.5788829,"z":0.11098634,"quality":56},"superFrameNumber":1160}
UWB,1669367128555,{"position":{"x":-0.29867592,"y":2.5481918,"z":0.15842828,"quality":58},"superFrameNumber":1170}
UWB,1669367129556,{"position":{"x":-0.27381551,"y":2.5579042,"z":0.14023943,"quality":55},"superFrameNumber":1180}
UWB,1669367130556,{"position":{"x":-0.29158694,"y":2.5331345,"z":0.16307952,"quality":57},"superFrameNumber":1190}
UWB,1669367131556,{"position":{"x":-0.28097469,"y":2.548557,"z":0.13054296,"quality":56},"superFrameNumber":1200}
UWB,1669367132556,{"position":{"x":-0.26979187,"y":2.5349674,"z":0.15352982,"quality":55},"superFrameNumber":1210}
UWB,1669367133556,{"position":{"x":-0.2400194,"y":2.5520468,"z":0.14577016,"quality":54},"superFrameNumber":1220}
UWB,1669367134555,{"position":{"x":-0.26973769,"y":2.5524864,"z":0.15806741,"quality":57},"superFrameNumber":1230}
UWB,1669367135556,{"position":{"x":-0.3040787,"y":2.5603795,"z":0.16058725,"quality":58},"superFrameNumber":1240}
UWB,1669367136556,{"position":{"x":-0.31191376,"y":2.5473192,"z":0.17863388,"quality":57},"superFrameNumber":1250}
UWB,1669367137556,{"position":{"x":-0.19661799,"y":2.6484311,"z":0.040068489,"quality":70},"superFrameNumber":1260}
UWB,1669367138556,{"position":{"x":-0.2375517,"y":2.6213894,"z":0.083754636,"quality":57},"superFrameNumber":1270}
UWB,1669367139555,{"position":{"x":-0.22219637,"y":2.6302013,"z":0.077763654,"quality":55},"superFrameNumber":1280}
UWB,1669367140556,{"position":{"x":-0.23891322,"y":2.6177077,"z":0.084867492,"quality":57},"superFrameNumber":1290}
UWB,1669367141556,{"position":{"x":-0.2596229,"y":2.6112316,"z":0.083325215,"quality":57},"superFrameNumber":1300}
UWB,1669367142556,{"position":{"x":-0.28659233,"y":2.5795116,"z":0.12661341,"quality":57},"superFrameNumber":1310}
UWB,1669367143556,{"position":{"x":-0.29522356,"y":2.5550809,"z":0.16239148,"quality":56},"superFrameNumber":1320}
UWB,1669367144556,{"position":{"x":-0.31228498,"y":2.5538716,"z":0.17615531,"quality":57},"superFrameNumber":1330}
UWB,1669367145555,{"position":{"x":-0.32393685,"y":2.552938,"z":0.18011183,"quality":57},"superFrameNumber":1340}
UWB,1669367146556,{"position":{"x":-0.30054411,"y":2.5693839,"z":0.16248097,"quality":56},"superFrameNumber":1350}
UWB,1669367147556,{"position":{"x":-0.28299955,"y":2.5762188,"z":0.14482701,"quality":56},"superFrameNumber":1360}
UWB,1669367148556,{"position":{"x":-0.28776476,"y":2.5863998,"z":0.13094966,"quality":57},"superFrameNumber":1370}
UWB,1669367149556,{"position":{"x":-0.30060565,"y":2.5393367,"z":0.19211659,"quality":56},"superFrameNumber":1380}
UWB,1669367150555,{"position":{"x":-0.28737244,"y":2.5568452,"z":0.1672218,"quality":56},"superFrameNumber":1390}
UWB,1669367151556,{"position":{"x":-0.33713844,"y":2.5438781,"z":0.18960543,"quality":59},"superFrameNumber":1400}
UWB,1669367152556,{"position":{"x":-0.30462587,"y":2.5562434,"z":0.16969036,"quality":55},"superFrameNumber":1410}
UWB,1669367153556,{"position":{"x":-0.31975502,"y":2.5652244,"z":0.14447154,"quality":58},"superFrameNumber":1420}
UWB,1669367154556,{"position":{"x":-0.30322853,"y":2.5588803,"z":0.15413465,"quality":56},"superFrameNumber":1430}
UWB,1669367155555,{"position":{"x":-0.29499245,"y":2.5723393,"z":0.14030683,"quality":56},"superFrameNumber":0}
UWB,1669367156556,{"position":{"x":-0.2950927,"y":2.5669773,"z":0.17339821,"quality":56},"superFrameNumber":10}
UWB,1669367157556,{"position":{"x":-0.31869566,"y":2.5499821,"z":0.18757452,"quality":57},"superFrameNumber":20}
UWB,1669367158556,{"position":{"x":-0.29781404,"y":2.5647159,"z":0.14965957,"quality":56},"superFrameNumber":30}
UWB,1669367159556,{"position":{"x":-0.28443906,"y":2.5639627,"z":0.14991748,"quality":56},"superFrameNumber":40}
UWB,1669367160556,{"position":{"x":-0.272232,"y":2.5689106,"z":0.13603492,"quality":56},"superFrameNumber":50}
UWB,1669367161556,{"position":{"x":-0.29764977,"y":2.5606833,"z":0.14334787,"quality":57},"superFrameNumber":60}
UWB,1669367162556,{"position":{"x":-0.29609913,"y":2.5476213,"z":0.15767655,"quality":56},"superFrameNumber":70}
UWB,1669367163556,{"position":{"x":-0.32211733,"y":2.5372937,"z":0.19471027,"quality":57},"superFrameNumber":80}
UWB,1669367164556,{"position":{"x":-0.32460773,"y":2.551996,"z":0.19295326,"quality":57},"superFrameNumber":90}
UWB,1669367165556,{"position":{"x":-0.30311233,"y":2.5624559,"z":0.16892785,"quality":56},"superFrameNumber":100}
UWB,1669367166555,{"position":{"x":-0.29568172,"y":2.5658154,"z":0.16232899,"quality":56},"superFrameNumber":110}
UWB,1669367167556,{"position":{"x":-0.29052341,"y":2.5621583,"z":0.160069,"quality":56},"superFrameNumber":120}
UWB,1669367168556,{"position":{"x":-0.18149021,"y":2.5130746,"z":0.21879461,"quality":47},"superFrameNumber":130}
UWB,1669367169556,{"position":{"x":-0.20594408,"y":2.5069814,"z":0.22950695,"quality":55},"superFrameNumber":140}
UWB,1669367170556,{"position":{"x":-0.25733209,"y":2.4944868,"z":0.26371258,"quality":57},"superFrameNumber":150}
UWB,1669367171556,{"position":{"x":-0.2862885,"y":2.4900904,"z":0.26069331,"quality":57},"superFrameNumber":160}
UWB,1669367172556,{"position":{"x":-0.26615992,"y":2.4974253,"z":0.23689406,"quality":55},"superFrameNumber":170}
UWB,1669367173556,{"position":{"x":-0.27120927,"y":2.5179944,"z":0.23911524,"quality":56},"superFrameNumber":180}
UWB,1669367174556,{"position":{"x":-0.28755811,"y":2.5239258,"z":0.2048804,"quality":57},"superFrameNumber":190}
UWB,1669367175556,{"position":{"x":-0.28343305,"y":2.5433915,"z":0.17015204,"quality":57},"superFrameNumber":200}
UWB,1669367176556,{"position":{"x":-0.3092635,"y":2.5417879,"z":0.177397,"quality":58},"superFrameNumber":210}
UWB,1669367177555,{"position":{"x":-0.30114785,"y":2.5291862,"z":0.19737014,"quality":55},"superFrameNumber":220}
UWB,1669367178556,{"position":{"x":-0.31283233,"y":2.5302262,"z":0.20582958,"quality":57},"superFrameNumber":230}
UWB,1669367179556,{"position":{"x":-0.31699693,"y":2.5336339,"z":0.18907198,"quality":57},"superFrameNumber":240}
UWB,1669367180556,{"position":{"x":-0.35548571,"y":2.4960535,"z":0.2524454,"quality":58},"superFrameNumber":250}
UWB,1669367181556,{"position":{"x":-0.3501218,"y":2.5051813,"z":0.24478203,"quality":57},"superFrameNumber":260}
UWB,1669367182556,{"position":{"x":-0.33061424,"y":2.5193913,"z":0.20581669,"quality":56},"superFrameNumber":270}
UWB,1669367183555,{"position":{"x":-0.30740321,"y":2.5272713,"z":0.19567318,"quality":55},"superFrameNumber":280}
UWB,1669367184556,{"position":{"x":-0.2794331,"y":2.5234332,"z":0.18026859,"quality":55},"superFrameNumber":290}
UWB,1669367185556,{"position":{"x":-0.26189411,"y":2.5226023,"z":0.17232072,"quality":55},"superFrameNumber":300}
UWB,1669367186556,{"position":{"x":-0.25490937,"y":2.53423,"z":0.16194133,"quality":56},"superFrameNumber":310}
UWB,1669367187556,{"position":{"x":-0.29061052,"y":2.5265653,"z":0.18186156,"quality":57},"superFrameNumber":320}
UWB,1669367188555,{"position":{"x":-0.30590102,"y":2.5214846,"z":0.19805032,"quality":57},"superFrameNumber":330}
UWB,1669367189557,{"position":{"x":-0.3200433,"y":2.5172226,"z":0.21341553,"quality":57},"superFrameNumber":340}
UWB,1669367190556,{"position":{"x":-0.3645798,"y":2.5108392,"z":0.25790954,"quality":59},"superFrameNumber":350}
UWB,1669367191556,{"position":{"x":-0.33064324,"y":2.5426848,"z":0.21408628,"quality":56},"superFrameNumber":360}
UWB,1669367192556,{"position":{"x":-0.33577558,"y":2.5438576,"z":0.2030554,"quality":57},"superFrameNumber":370}
UWB,1669367193556,{"position":{"x":-0.31854489,"y":2.5553319,"z":0.17679617,"quality":56},"superFrameNumber":380}
UWB,1669367194555,{"position":{"x":-0.31278858,"y":2.5571887,"z":0.169561,"quality":56},"superFrameNumber":390}
UWB,1669367195557,{"position":{"x":-0.32473117,"y":2.5395648,"z":0.18380123,"quality":57},"superFrameNumber":400}
UWB,1669367196556,{"position":{"x":-0.30980229,"y":2.5592618,"z":0.16044424,"quality":56},"superFrameNumber":410}
UWB,1669367197556,{"position":{"x":-0.31663644,"y":2.5550802,"z":0.17643139,"quality":57},"superFrameNumber":420}
UWB,1669367198556,{"position":{"x":-0.30150378,"y":2.5477931,"z":0.19364668,"quality":55},"superFrameNumber":430}
UWB,1669367199555,{"position":{"x":-0.29968455,"y":2.5395331,"z":0.21203001,"quality":56},"superFrameNumber":440}
UWB,1669367200556,{"position":{"x":-0.26856062,"y":2.5581996,"z":0.1744819,"quality":55},"superFrameNumber":450}
UWB,1669367201556,{"position":{"x":-0.25580826,"y":2.5699859,"z":0.14451021,"quality":56},"superFrameNumber":460}
UWB,1669367202556,{"position":{"x":-0.27021569,"y":2.5708556,"z":0.14221032,"quality":57},"superFrameNumber":470}
UWB,1669367203556,{"position":{"x":-0.19138467,"y":2.5811148,"z":0.11332707,"quality":59},"superFrameNumber":480}
UWB,1669367204556,{"position":{"x":-0.22649734,"y":2.5832705,"z":0.11380731,"quality":57},"superFrameNumber":490}
UWB,1669367205555,{"position":{"x":-0.22932865,"y":2.5859056,"z":0.11559185,"quality":56},"superFrameNumber":500}
UWB,1669367206557,{"position":{"x":-0.30578855,"y":2.5393989,"z":0.1987849,"quality":59},"superFrameNumber":510}
UWB,1669367207556,{"position":{"x":-0.28306007,"y":2.537324,"z":0.18859224,"quality":55},"superFrameNumber":520}
UWB,1669367208556,{"position":{"x":-0.26548609,"y":2.5341191,"z":0.17504737,"quality":55},"superFrameNumber":530}
UWB,1669367209556,{"position":{"x":-0.2811037,"y":2.5195584,"z":0.20547633,"quality":56},"superFrameNumber":540}
UWB,1669367210555,{"position":{"x":-0.30866328,"y":2.4971936,"z":0.21624775,"quality":57},"superFrameNumber":550}
UWB,1669367211556,{"position":{"x":-0.31232953,"y":2.5084383,"z":0.19929722,"quality":57},"superFrameNumber":560}
UWB,1669367212556,{"position":{"x":-0.24756891,"y":2.5329256,"z":0.16347238,"quality":53},"superFrameNumber":570}
UWB,1669367213556,{"position":{"x":-0.25522178,"y":2.5325453,"z":0.17225718,"quality":56},"superFrameNumber":580}
UWB,1669367214556,{"position":{"x":-0.23841798,"y":2.5489674,"z":0.15245651,"quality":55},"superFrameNumber":590}
UWB,1669367215555,{"position":{"x":-0.23236533,"y":2.5747123,"z":0.1418297,"quality":56},"superFrameNumber":600}
UWB,1669367216556,{"position":{"x":-0.24262145,"y":2.5731716,"z":0.1405284,"quality":56},"superFrameNumber":610}
UWB,1669367217556,{"position":{"x":-0.2676442,"y":2.5840073,"z":0.12337233,"quality":58},"superFrameNumber":620}
UWB,1669367218556,{"position":{"x":-0.26344267,"y":2.5802233,"z":0.12583774,"quality":56},"superFrameNumber":630}
UWB,1669367219556,{"position":{"x":-0.28395644,"y":2.5692692,"z":0.13440096,"quality":57},"superFrameNumber":640}
UWB,1669367220556,{"position":{"x":-0.30907539,"y":2.5622313,"z":0.16356996,"quality":57},"superFrameNumber":650}
UWB,1669367221556,{"position":{"x":-0.32903978,"y":2.5595071,"z":0.16326454,"quality":58},"superFrameNumber":660}
UWB,1669367222556,{"position":{"x":-0.28892037,"y":2.5708683,"z":0.14489843,"quality":55},"superFrameNumber":670}
UWB,1669367223556,{"position":{"x":-0.277009,"y":2.569741,"z":0.14868258,"quality":56},"superFrameNumber":680}
UWB,1669367224556,{"position":{"x":-0.28884715,"y":2.5571685,"z":0.1547465,"quality":57},"superFrameNumber":690}
UWB,1669367225556,{"position":{"x":-0.29304031,"y":2.5624146,"z":0.14593056,"quality":57},"superFrameNumber":700}
UWB,1669367226555,{"position":{"x":-0.3506512,"y":2.5155594,"z":0.22647686,"quality":58},"superFrameNumber":710}
UWB,1669367227556,{"position":{"x":-0.29897743,"y":2.5529335,"z":0.1909132,"quality":55},"superFrameNumber":720}
UWB,1669367228556,{"position":{"x":-0.30823329,"y":2.5439882,"z":0.20017952,"quality":57},"superFrameNumber":730}
UWB,1669367229556,{"position":{"x":-0.34524915,"y":2.5201857,"z":0.22111055,"quality":58},"superFrameNumber":740}
UWB,1669367230556,{"position":{"x":-0.35159782,"y":2.5081913,"z":0.2261536,"quality":57},"superFrameNumber":750}
UWB,1669367231556,{"position":{"x":-0.35282785,"y":2.4900711,"z":0.25827074,"quality":56},"superFrameNumber":760}
UWB,1669367232556,{"position":{"x":-0.34888798,"y":2.515424,"z":0.22614996,"quality":57},"superFrameNumber":770}
UWB,1669367233556,{"position":{"x":-0.31147456,"y":2.5415804,"z":0.19766527,"quality":55},"superFrameNumber":780}
UWB,1669367234556,{"position":{"x":-0.33676508,"y":2.5276005,"z":0.22883561,"quality":57},"superFrameNumber":790}
UWB,1669367235556,{"position":{"x":-0.30800545,"y":2.5442197,"z":0.19525479,"quality":56},"superFrameNumber":800}
UWB,1669367236556,{"position":{"x":-0.28042257,"y":2.5475762,"z":0.1740196,"quality":55},"superFrameNumber":810}
UWB,1669367237555,{"position":{"x":-0.27651441,"y":2.5271461,"z":0.17866272,"quality":55},"superFrameNumber":820}
UWB,1669367238556,{"position":{"x":-0.28186488,"y":2.5251129,"z":0.19724037,"quality":56},"superFrameNumber":830}
UWB,1669367239556,{"position":{"x":-0.29081497,"y":2.5312407,"z":0.18627341,"quality":57},"superFrameNumber":840}
UWB,1669367240556,{"position":{"x":-0.2863445,"y":2.5281177,"z":0.16700733,"quality":56},"superFrameNumber":850}
UWB,1669367241556,{"position":{"x":-0.2846863,"y":2.5320692,"z":0.16838218,"quality":56},"superFrameNumber":860}
UWB,1669367242556,{"position":{"x":-0.30759069,"y":2.5189295,"z":0.18835744,"quality":57},"superFrameNumber":870}
UWB,1669367243556,{"position":{"x":-0.30306503,"y":2.5402277,"z":0.16959456,"quality":57},"superFrameNumber":880}
UWB,1669367244556,{"position":{"x":-0.29553208,"y":2.5431809,"z":0.16106038,"quality":56},"superFrameNumber":890}
UWB,1669367245556,{"position":{"x":-0.28120804,"y":2.5391009,"z":0.15431581,"quality":55},"superFrameNumber":900}
UWB,1669367246557,{"position":{"x":-0.28363064,"y":2.537441,"z":0.17377222,"quality":56},"superFrameNumber":910}
UWB,1669367247556,{"position":{"x":-0.26379362,"y":2.5561223,"z":0.13733576,"quality":56},"superFrameNumber":920}
UWB,1669367248555,{"position":{"x":-0.29018354,"y":2.5403233,"z":0.15979941,"quality":57},"superFrameNumber":930}
UWB,1669367249556,{"position":{"x":-0.27833059,"y":2.5548689,"z":0.13458265,"quality":56},"superFrameNumber":940}
UWB,1669367250556,{"position":{"x":-0.27964318,"y":2.5379462,"z":0.15863259,"quality":56},"superFrameNumber":950}
UWB,1669367251556,{"position":{"x":-0.28745428,"y":2.5298283,"z":0.17092955,"quality":56},"superFrameNumber":960}
UWB,1669367252557,{"position":{"x":-0.3041079,"y":2.5058849,"z":0.20437405,"quality":56},"superFrameNumber":970}
UWB,1669367253558,{"position":{"x":-0.26528117,"y":2.5263541,"z":0.17318027,"quality":55},"superFrameNumber":980}
UWB,1669367254555,{"position":{"x":-0.32793164,"y":2.5088589,"z":0.20757881,"quality":59},"superFrameNumber":990}
UWB,1669367255556,{"position":{"x":-0.317996,"y":2.524868,"z":0.186784,"quality":56},"superFrameNumber":1000}
UWB,1669367256556,{"position":{"x":-0.34401745,"y":2.529562,"z":0.18696722,"quality":58},"superFrameNumber":1010}
UWB,1669367257557,{"position":{"x":-0.31182292,"y":2.5552111,"z":0.15461175,"quality":56},"superFrameNumber":1020}
UWB,1669367258556,{"position":{"x":-0.32840663,"y":2.5467114,"z":0.17739587,"quality":57},"superFrameNumber":1030}
UWB,1669367259555,{"position":{"x":-0.34107047,"y":2.5510921,"z":0.16659473,"quality":58},"superFrameNumber":1040}
UWB,1669367260556,{"position":{"x":-0.31436732,"y":2.5397956,"z":0.17829421,"quality":55},"superFrameNumber":1050}
UWB,1669367261556,{"position":{"x":-0.3450003,"y":2.5265028,"z":0.19590431,"quality":58},"superFrameNumber":1060}
UWB,1669367262556,{"position":{"x":-0.32677311,"y":2.5436702,"z":0.17576338,"quality":56},"superFrameNumber":1070}
UWB,1669367263556,{"position":{"x":-0.32689041,"y":2.5345652,"z":0.18792723,"quality":56},"superFrameNumber":1080}
UWB,1669367264556,{"position":{"x":-0.3460328,"y":2.5448973,"z":0.18572555,"quality":58},"superFrameNumber":1090}
UWB,1669367265555,{"position":{"x":-0.33329239,"y":2.5266736,"z":0.17792068,"quality":56},"superFrameNumber":1100}
UWB,1669367266556,{"position":{"x":-0.33363536,"y":2.5286622,"z":0.16957197,"quality":57},"superFrameNumber":1110}
UWB,1669367267556,{"position":{"x":-0.31528914,"y":2.527698,"z":0.164175,"quality":56},"superFrameNumber":1120}
UWB,1669367268556,{"position":{"x":-0.32394683,"y":2.5156,"z":0.18840256,"quality":57},"superFrameNumber":1130}
UWB,1669367269556,{"position":{"x":-0.31863779,"y":2.5091524,"z":0.18826182,"quality":56},"superFrameNumber":1140}
UWB,1669367270555,{"position":{"x":-0.28774485,"y":2.5140331,"z":0.18100862,"quality":55},"superFrameNumber":1150}
UWB,1669367271556,{"position":{"x":-0.27565736,"y":2.5459054,"z":0.16357382,"quality":56},"superFrameNumber":1160}
UWB,1669367272557,{"position":{"x":-0.2572068,"y":2.5619123,"z":0.15029374,"quality":55},"superFrameNumber":1170}
UWB,1669367273556,{"position":{"x":-0.26136452,"y":2.56126,"z":0.1420227,"quality":56},"superFrameNumber":1180}
UWB,1669367274556,{"position":{"x":-0.2943491,"y":2.5444436,"z":0.17239654,"quality":57},"superFrameNumber":1190}
UWB,1669367275556,{"position":{"x":-0.31083661,"y":2.5575016,"z":0.16084191,"quality":58},"superFrameNumber":1200}
UWB,1669367276556,{"position":{"x":-0.29437238,"y":2.5561101,"z":0.1700293,"quality":55},"superFrameNumber":1210}
UWB,1669367277556,{"position":{"x":-0.20410922,"y":2.5384345,"z":0.17022735,"quality":59},"superFrameNumber":1220}
UWB,1669367278556,{"position":{"x":-0.17513572,"y":2.542043,"z":0.16197932,"quality":53},"superFrameNumber":1230}
UWB,1669367279556,{"position":{"x":-0.17683777,"y":2.5241935,"z":0.17793562,"quality":54},"superFrameNumber":1240}
UWB,1669367280556,{"position":{"x":-0.21132813,"y":2.5127258,"z":0.18926033,"quality":56},"superFrameNumber":1250}
UWB,1669367281556,{"position":{"x":-0.23213497,"y":2.5261793,"z":0.18571416,"quality":56},"superFrameNumber":1260}
UWB,1669367282556,{"position":{"x":-0.26604807,"y":2.5539093,"z":0.16718391,"quality":58},"superFrameNumber":1270}
UWB,1669367283556,{"position":{"x":-0.26125789,"y":2.5622504,"z":0.15011892,"quality":56},"superFrameNumber":1280}
UWB,1669367284556,{"position":{"x":-0.28734529,"y":2.5447752,"z":0.17365079,"quality":57},"superFrameNumber":1290}
UWB,1669367285556,{"position":{"x":-0.26558667,"y":2.559505,"z":0.14596207,"quality":55},"superFrameNumber":1300}
UWB,1669367286555,{"position":{"x":-0.292753,"y":2.5456908,"z":0.15814143,"quality":57},"superFrameNumber":1310}
UWB,1669367287556,{"position":{"x":-0.302492,"y":2.5306342,"z":0.17662822,"quality":56},"superFrameNumber":1320}
UWB,1669367288556,{"position":{"x":-0.33474216,"y":2.5056212,"z":0.2288103,"quality":57},"superFrameNumber":1330}
UWB,1669367289556,{"position":{"x":-0.30769342,"y":2.5215645,"z":0.21622337,"quality":55},"superFrameNumber":1340}
UWB,1669367290556,{"position":{"x":-0.27169561,"y":2.5320985,"z":0.19281295,"quality":54},"superFrameNumber":1350}
UWB,1669367291556,{"position":{"x":-0.29532647,"y":2.5326571,"z":0.21119939,"quality":57},"superFrameNumber":1360}
UWB,1669367292556,{"position":{"x":-0.27777213,"y":2.5519161,"z":0.18074369,"quality":56},"superFrameNumber":1370}
UWB,1669367293556,{"position":{"x":-0.22518387,"y":2.5615392,"z":0.16941302,"quality":53},"superFrameNumber":1380}
UWB,1669367294557,{"position":{"x":-0.30311885,"y":2.5236635,"z":0.23514865,"quality":59},"superFrameNumber":1390}
UWB,1669367295556,{"position":{"x":-0.32545784,"y":2.5071552,"z":0.2516574,"quality":57},"superFrameNumber":1400}
UWB,1669367296556,{"position":{"x":-0.30626112,"y":2.5246508,"z":0.21908033,"quality":56},"superFrameNumber":1410}
UWB,1669367297556,{"position":{"x":-0.30446091,"y":2.5231569,"z":0.22143134,"quality":56},"superFrameNumber":1420}
UWB,1669367298557,{"position":{"x":-0.30081278,"y":2.5358307,"z":0.20502992,"quality":56},"superFrameNumber":1430}
UWB,1669367299557,{"position":{"x":-0.28896761,"y":2.5452332,"z":0.18961778,"quality":56},"superFrameNumber":0}
UWB,1669367300557,{"position":{"x":-0.27769193,"y":2.5578187,"z":0.17000479,"quality":56},"superFrameNumber":10}
UWB,1669367301557,{"position":{"x":-0.294144,"y":2.5364928,"z":0.2078955,"quality":56},"superFrameNumber":20}
UWB,1669367302557,{"position":{"x":-0.33333462,"y":2.5093038,"z":0.2543717,"quality":58},"superFrameNumber":30}
UWB,1669367303556,{"position":{"x":-0.29345274,"y":2.523525,"z":0.2087175,"quality":55},"superFrameNumber":40}
UWB,1669367304556,{"position":{"x":-0.21346574,"y":2.6259058,"z":0.059583206,"quality":70},"superFrameNumber":50}
UWB,1669367305557,{"position":{"x":-0.2498488,"y":2.5793891,"z":0.12532975,"quality":56},"superFrameNumber":60}
UWB,1669367306556,{"position":{"x":-0.26812461,"y":2.5644553,"z":0.16005556,"quality":56},"superFrameNumber":70}
UWB,1669367307556,{"position":{"x":-0.28743523,"y":2.5668175,"z":0.1508608,"quality":57},"superFrameNumber":80}
UWB,1669367308556,{"position":{"x":-0.30035853,"y":2.5338233,"z":0.21457462,"quality":56},"superFrameNumber":90}
UWB,1669367309556,{"position":{"x":-0.30969235,"y":2.528157,"z":0.20767953,"quality":57},"superFrameNumber":100}
UWB,1669367310557,{"position":{"x":-0.33909705,"y":2.4920475,"z":0.26845273,"quality":57},"superFrameNumber":110}
UWB,1669367311557,{"position":{"x":-0.33541316,"y":2.5007427,"z":0.24604566,"quality":57},"superFrameNumber":120}
UWB,1669367312557,{"position":{"x":-0.3055847,"y":2.5204144,"z":0.2050419,"quality":56},"superFrameNumber":130}
UWB,1669367313556,{"position":{"x":-0.33064166,"y":2.5150852,"z":0.20153452,"quality":58},"superFrameNumber":140}
UWB,1669367314556,{"position":{"x":-0.33435568,"y":2.5250158,"z":0.19486792,"quality":57},"superFrameNumber":150}
UWB,1669367315557,{"position":{"x":-0.29439554,"y":2.5491145,"z":0.16908216,"quality":55},"superFrameNumber":160}
UWB,1669367316556,{"position":{"x":-0.28892368,"y":2.56201,"z":0.1537407,"quality":56},"superFrameNumber":170}
UWB,1669367317557,{"position":{"x":-0.27174178,"y":2.561955,"z":0.12201762,"quality":56},"superFrameNumber":180}
UWB,1669367318557,{"position":{"x":-0.23989837,"y":2.5668175,"z":0.12357877,"quality":54},"superFrameNumber":190}
UWB,1669367319556,{"position":{"x":-0.25533807,"y":2.5807066,"z":0.11913711,"quality":57},"superFrameNumber":200}
UWB,1669367320557,{"position":{"x":-0.27818307,"y":2.5579197,"z":0.14435872,"quality":57},"superFrameNumber":210}
UWB,1669367321556,{"position":{"x":-0.34175467,"y":2.5164587,"z":0.22791207,"quality":59},"superFrameNumber":220}
UWB,1669367322557,{"position":{"x":-0.38928512,"y":2.486691,"z":0.28383961,"quality":59},"superFrameNumber":230}
UWB,1669367323557,{"position":{"x":-0.34893906,"y":2.5087025,"z":0.24951129,"quality":55},"superFrameNumber":240}
UWB,1669367324557,{"position":{"x":-0.32764909,"y":2.5184438,"z":0.22428714,"quality":56},"superFrameNumber":250}
UWB,1669367325556,{"position":{"x":-0.35873452,"y":2.5138032,"z":0.24317798,"quality":58},"superFrameNumber":260}
UWB,1669367326556,{"position":{"x":-0.32352784,"y":2.5206349,"z":0.22249046,"quality":55},"superFrameNumber":270}
UWB,1669367327557,{"position":{"x":-0.32460883,"y":2.5307958,"z":0.19739009,"quality":57},"superFrameNumber":280}
UWB,1669367328557,{"position":{"x":-0.33331332,"y":2.5397356,"z":0.19634527,"quality":57},"superFrameNumber":290}
UWB,1669367329556,{"position":{"x":-0.31008115,"y":2.5325933,"z":0.19887464,"quality":55},"superFrameNumber":300}
UWB,1669367330556,{"position":{"x":-0.31454468,"y":2.5008628,"z":0.24402817,"quality":55},"superFrameNumber":310}
UWB,1669367331557,{"position":{"x":-0.30924517,"y":2.5282996,"z":0.2052235,"quality":57},"superFrameNumber":320}
UWB,1669367332557,{"position":{"x":-0.32380903,"y":2.5200706,"z":0.22026935,"quality":57},"superFrameNumber":330}
UWB,1669367333557,{"position":{"x":-0.32184675,"y":2.5085969,"z":0.21419981,"quality":56},"superFrameNumber":340}
UWB,1669367334557,{"position":{"x":-0.32696158,"y":2.5360172,"z":0.18199998,"quality":58},"superFrameNumber":350}
UWB,1669367335556,{"position":{"x":-0.34873635,"y":2.5416985,"z":0.19832012,"quality":58},"superFrameNumber":360}
UWB,1669367336557,{"position":{"x":-0.32723978,"y":2.5611274,"z":0.1669068,"quality":56},"superFrameNumber":370}
UWB,1669367337557,{"position":{"x":-0.28710327,"y":2.5670333,"z":0.15863372,"quality":55},"superFrameNumber":380}
UWB,1669367338557,{"position":{"x":-0.25579646,"y":2.5650296,"z":0.14111541,"quality":55},"superFrameNumber":390}
UWB,1669367339557,{"position":{"x":-0.28513679,"y":2.5485156,"z":0.17320774,"quality":57},"superFrameNumber":400}
UWB,1669367340557,{"position":{"x":-0.27701193,"y":2.5390558,"z":0.17586288,"quality":55},"superFrameNumber":410}
UWB,1669367341557,{"position":{"x":-0.28280982,"y":2.5413179,"z":0.17219374,"quality":56},"superFrameNumber":420}
UWB,1669367342557,{"position":{"x":-0.28203529,"y":2.5419695,"z":0.172272,"quality":56},"superFrameNumber":430}
UWB,1669367343557,{"position":{"x":-0.22211829,"y":2.5658352,"z":0.13810547,"quality":60},"superFrameNumber":440}
UWB,1669367344557,{"position":{"x":-0.23229396,"y":2.5576575,"z":0.14384162,"quality":56},"superFrameNumber":450}
UWB,1669367345557,{"position":{"x":-0.21868894,"y":2.5616403,"z":0.13946299,"quality":55},"superFrameNumber":460}
UWB,1669367346556,{"position":{"x":-0.22368988,"y":2.5598381,"z":0.14059335,"quality":55},"superFrameNumber":470}
UWB,1669367347557,{"position":{"x":-0.26240802,"y":2.5521705,"z":0.13504526,"quality":58},"superFrameNumber":480}
UWB,1669367348557,{"position":{"x":-0.24601614,"y":2.5599861,"z":0.14005341,"quality":55},"superFrameNumber":490}
UWB,1669367349556,{"position":{"x":-0.28772524,"y":2.5487545,"z":0.16399291,"quality":58},"superFrameNumber":500}
UWB,1669367350557,{"position":{"x":-0.27535293,"y":2.5405045,"z":0.1543332,"quality":55},"superFrameNumber":510}
UWB,1669367351557,{"position":{"x":-0.25822553,"y":2.5397084,"z":0.17136382,"quality":55},"superFrameNumber":520}
UWB,1669367352557,{"position":{"x":-0.23060977,"y":2.6202185,"z":0.19013518,"quality":70},"superFrameNumber":530}
UWB,1669367353557,{"position":{"x":-0.23350099,"y":2.595645,"z":0.16780236,"quality":56},"superFrameNumber":540}
UWB,1669367354557,{"position":{"x":-0.259809,"y":2.5929923,"z":0.16469456,"quality":57},"superFrameNumber":550}
UWB,1669367355557,{"position":{"x":-0.27325743,"y":2.5717862,"z":0.19138379,"quality":56},"superFrameNumber":560}
UWB,1669367356557,{"position":{"x":-0.28343984,"y":2.5447564,"z":0.18587889,"quality":56},"superFrameNumber":570}
UWB,1669367357556,{"position":{"x":-0.30858403,"y":2.5051765,"z":0.23329547,"quality":56},"superFrameNumber":580}
UWB,1669367358557,{"position":{"x":-0.33810741,"y":2.4805861,"z":0.2738595,"quality":57},"superFrameNumber":590}
UWB,1669367359557,{"position":{"x":-0.28252697,"y":2.5236449,"z":0.21994451,"quality":54},"superFrameNumber":600}
UWB,1669367360557,{"position":{"x":-0.28912783,"y":2.5258012,"z":0.2009681,"quality":57},"superFrameNumber":610}
UWB,1669367361557,{"position":{"x":-0.27856991,"y":2.5340858,"z":0.18946101,"quality":56},"superFrameNumber":620}
UWB,1669367362557,{"position":{"x":-0.26579219,"y":2.5382924,"z":0.17695947,"quality":55},"superFrameNumber":630}
UWB,1669367363557,{"position":{"x":-0.28682414,"y":2.5263035,"z":0.20022196,"quality":57},"superFrameNumber":640}
UWB,1669367364557,{"position":{"x":-0.28850695,"y":2.5299816,"z":0.19482102,"quality":56},"superFrameNumber":650}
UWB,1669367365557,{"position":{"x":-0.27115583,"y":2.5540335,"z":0.1746117,"quality":56},"superFrameNumber":660}
UWB,1669367366557,{"position":{"x":-0.28673267,"y":2.5362716,"z":0.17948535,"quality":57},"superFrameNumber":670}
UWB,1669367367557,{"position":{"x":-0.25848925,"y":2.5593088,"z":0.13930166,"quality":55},"superFrameNumber":680}
UWB,1669367368556,{"position":{"x":-0.27598938,"y":2.5591621,"z":0.14818572,"quality":57},"superFrameNumber":690}
UWB,1669367369557,{"position":{"x":-0.25405023,"y":2.5645783,"z":0.15059625,"quality":55},"superFrameNumber":700}
UWB,1669367370557,{"position":{"x":-0.26549897,"y":2.5530157,"z":0.18072888,"quality":56},"superFrameNumber":710}
UWB,1669367371557,{"position":{"x":-0.24134466,"y":2.5487692,"z":0.16389056,"quality":54},"superFrameNumber":720}
UWB,1669367372557,{"position":{"x":-0.27775636,"y":2.5282445,"z":0.18601455,"quality":57},"superFrameNumber":730}
UWB,1669367373557,{"position":{"x":-0.28526455,"y":2.5274069,"z":0.19676195,"quality":56},"superFrameNumber":740}
UWB,1669367374556,{"position":{"x":-0.28871074,"y":2.5392048,"z":0.18251361,"quality":57},"superFrameNumber":750}
UWB,1669367375557,{"position":{"x":-0.30287382,"y":2.5504405,"z":0.15007158,"quality":58},"superFrameNumber":760}
UWB,1669367376557,{"position":{"x":-0.34390879,"y":2.5240042,"z":0.22957328,"quality":58},"superFrameNumber":770}
UWB,1669367377557,{"position":{"x":-0.34143913,"y":2.5123081,"z":0.21658267,"quality":57},"superFrameNumber":780}
UWB,1669367378557,{"position":{"x":-0.32910657,"y":2.536392,"z":0.19331214,"quality":57},"superFrameNumber":790}
UWB,1669367379556,{"position":{"x":-0.32867196,"y":2.530453,"z":0.21594645,"quality":56},"superFrameNumber":800}
UWB,1669367380557,{"position":{"x":-0.29359597,"y":2.5497003,"z":0.18405867,"quality":55},"superFrameNumber":810}
UWB,1669367381557,{"position":{"x":-0.28004572,"y":2.5644248,"z":0.15919055,"quality":56},"superFrameNumber":820}
UWB,1669367382557,{"position":{"x":-0.24888372,"y":2.5753224,"z":0.13449281,"quality":55},"superFrameNumber":830}
UWB,1669367383557,{"position":{"x":-0.26437154,"y":2.573715,"z":0.13214833,"quality":57},"superFrameNumber":840}
UWB,1669367384557,{"position":{"x":-0.24677449,"y":2.5848751,"z":0.1236008,"quality":55},"superFrameNumber":850}
UWB,1669367385556,{"position":{"x":-0.27426827,"y":2.5866842,"z":0.12772742,"quality":57},"superFrameNumber":860}
UWB,1669367386557,{"position":{"x":-0.30198023,"y":2.5706184,"z":0.16552253,"quality":57},"superFrameNumber":870}
UWB,1669367387557,{"position":{"x":-0.29395616,"y":2.5760844,"z":0.14780088,"quality":56},"superFrameNumber":880}
UWB,1669367388557,{"position":{"x":-0.29731891,"y":2.5629091,"z":0.15410133,"quality":56},"superFrameNumber":890}
UWB,1669367389557,{"position":{"x":-0.27174526,"y":2.5763588,"z":0.13069354,"quality":55},"superFrameNumber":900}
UWB,1669367390556,{"position":{"x":-0.27031383,"y":2.580621,"z":0.12928894,"quality":56},"superFrameNumber":910}
UWB,1669367391557,{"position":{"x":-0.28393602,"y":2.5868647,"z":0.11801428,"quality":57},"superFrameNumber":920}
UWB,1669367392557,{"position":{"x":-0.34553981,"y":2.5423243,"z":0.19898906,"quality":59},"superFrameNumber":930}
UWB,1669367393557,{"position":{"x":-0.3568514,"y":2.5244637,"z":0.20881629,"quality":57},"superFrameNumber":940}
UWB,1669367394557,{"position":{"x":-0.34744605,"y":2.515785,"z":0.22099231,"quality":56},"superFrameNumber":950}
UWB,1669367395556,{"position":{"x":-0.34775281,"y":2.4965186,"z":0.26383916,"quality":56},"superFrameNumber":960}
UWB,1669367396557,{"position":{"x":-0.32959682,"y":2.5107975,"z":0.21708235,"quality":56},"superFrameNumber":970}
UWB,1669367397557,{"position":{"x":-0.31813481,"y":2.5233831,"z":0.20198193,"quality":56},"superFrameNumber":980}
UWB,1669367398557,{"position":{"x":-0.34666616,"y":2.4888484,"z":0.25706971,"quality":57},"superFrameNumber":990}
UWB,1669367399557,{"position":{"x":-0.28122965,"y":2.5244551,"z":0.20760933,"quality":54},"superFrameNumber":1000}
UWB,1669367400557,{"position":{"x":-0.29260838,"y":2.5082407,"z":0.21894819,"quality":56},"superFrameNumber":1010}
UWB,1669367401557,{"position":{"x":-0.27127138,"y":2.5441031,"z":0.17770129,"quality":56},"superFrameNumber":1020}
UWB,1669367402557,{"position":{"x":-0.27309737,"y":2.5423763,"z":0.16443026,"quality":56},"superFrameNumber":1030}
UWB,1669367403557,{"position":{"x":-0.28800055,"y":2.5606544,"z":0.15128338,"quality":57},"superFrameNumber":1040}
UWB,1669367404557,{"position":{"x":-0.34595704,"y":2.5239787,"z":0.22120431,"quality":59},"superFrameNumber":1050}
UWB,1669367405557,{"position":{"x":-0.26974136,"y":2.5457869,"z":0.19092377,"quality":53},"superFrameNumber":1060}
UWB,1669367406556,{"position":{"x":-0.30994558,"y":2.5439682,"z":0.20483287,"quality":58},"superFrameNumber":1070}
UWB,1669367407559,{"position":{"x":-0.29155558,"y":2.555763,"z":0.1726855,"quality":56},"superFrameNumber":1080}
UWB,1669367408557,{"position":{"x":-0.2577396,"y":2.5646605,"z":0.15399852,"quality":55},"superFrameNumber":1090}
UWB,1669367409557,{"position":{"x":-0.27137381,"y":2.543751,"z":0.17021525,"quality":56},"superFrameNumber":1100}
UWB,1669367410557,{"position":{"x":-0.26601791,"y":2.5389011,"z":0.19146211,"quality":55},"superFrameNumber":1110}
UWB,1669367411557,{"position":{"x":-0.3208999,"y":2.4978213,"z":0.25182918,"quality":58},"superFrameNumber":1120}
UWB,1669367412558,{"position":{"x":-0.30284265,"y":2.5249763,"z":0.22513552,"quality":56},"superFrameNumber":1130}
UWB,1669367413557,{"position":{"x":-0.30089247,"y":2.5367277,"z":0.21069808,"quality":56},"superFrameNumber":1140}
UWB,1669367414557,{"position":{"x":-0.26408893,"y":2.5512989,"z":0.18555737,"quality":54},"superFrameNumber":1150}
UWB,1669367415557,{"position":{"x":-0.28134522,"y":2.5439827,"z":0.18180685,"quality":57},"superFrameNumber":1160}
UWB,1669367416557,{"position":{"x":-0.30164173,"y":2.542028,"z":0.17714879,"quality":57},"superFrameNumber":1170}
UWB,1669367417556,{"position":{"x":-0.27446935,"y":2.5379627,"z":0.16750744,"quality":55},"superFrameNumber":1180}
UWB,1669367418557,{"position":{"x":-0.18735605,"y":2.5064819,"z":0.19561853,"quality":59},"superFrameNumber":1190}
UWB,1669367419557,{"position":{"x":-0.20440872,"y":2.5220816,"z":0.18628016,"quality":56},"superFrameNumber":1200}
UWB,1669367420557,{"position":{"x":-0.26966244,"y":2.51127,"z":0.20196696,"quality":58},"superFrameNumber":1210}
UWB,1669367421557,{"position":{"x":-0.27052248,"y":2.5125611,"z":0.22534792,"quality":55},"superFrameNumber":1220}
UWB,1669367422557,{"position":{"x":-0.26743549,"y":2.5302789,"z":0.19341835,"quality":56},"superFrameNumber":1230}
UWB,1669367423557,{"position":{"x":-0.28192738,"y":2.529357,"z":0.18371184,"quality":57},"superFrameNumber":1240}
UWB,1669367424557,{"position":{"x":-0.25936079,"y":2.5332348,"z":0.16563474,"quality":55},"superFrameNumber":1250}
UWB,1669367425557,{"position":{"x":-0.24899389,"y":2.5498924,"z":0.13379522,"quality":56},"superFrameNumber":1260}
UWB,1669367426557,{"position":{"x":-0.23595554,"y":2.5555315,"z":0.13689423,"quality":55},"superFrameNumber":1270}
UWB,1669367427557,{"position":{"x":-0.26334059,"y":2.5341132,"z":0.17344038,"quality":56},"superFrameNumber":1280}
UWB,1669367428556,{"position":{"x":-0.26607463,"y":2.5417838,"z":0.1574719,"quality":56},"superFrameNumber":1290}
UWB,1669367429557,{"position":{"x":-0.2652435,"y":2.562109,"z":0.13700777,"quality":56},"superFrameNumber":1300}
UWB,1669367430557,{"position":{"x":-0.29631707,"y":2.5291028,"z":0.19508176,"quality":57},"superFrameNumber":1310}
UWB,1669367431557,{"position":{"x":-0.29415646,"y":2.5485814,"z":0.16755427,"quality":57},"superFrameNumber":1320}
UWB,1669367432557,{"position":{"x":-0.28495273,"y":2.5499258,"z":0.15023002,"quality":56},"superFrameNumber":1330}
UWB,1669367433557,{"position":{"x":-0.28304422,"y":2.5580029,"z":0.14215694,"quality":56},"superFrameNumber":1340}
UWB,1669367434556,{"position":{"x":-0.27033123,"y":2.5642219,"z":0.1344436,"quality":56},"superFrameNumber":1350}
UWB,1669367435557,{"position":{"x":-0.26202935,"y":2.5774133,"z":0.11903465,"quality":56},"superFrameNumber":1360}
UWB,1669367436557,{"position":{"x":-0.28509581,"y":2.5616965,"z":0.15427482,"quality":57},"superFrameNumber":1370}
UWB,1669367437557,{"position":{"x":-0.26572397,"y":2.5602293,"z":0.1523281,"quality":55},"superFrameNumber":1380}
UWB,1669367438557,{"position":{"x":-0.26692152,"y":2.553236,"z":0.15919416,"quality":56},"superFrameNumber":1390}
UWB,1669367439556,{"position":{"x":-0.26088408,"y":2.5636313,"z":0.13339858,"quality":56},"superFrameNumber":1400}
UWB,1669367440557,{"position":{"x":-0.24789472,"y":2.5743132,"z":0.11509816,"quality":56},"superFrameNumber":1410}
UWB,1669367441557,{"position":{"x":-0.2415401,"y":2.5792661,"z":0.10395166,"quality":56},"superFrameNumber":1420}
UWB,1669367442557,{"position":{"x":-0.21919051,"y":2.5795531,"z":0.11461518,"quality":54},"superFrameNumber":1430}
UWB,1669367443557,{"position":{"x":-0.22588186,"y":2.5643148,"z":0.12266738,"quality":55},"superFrameNumber":0}
UWB,1669367444557,{"position":{"x":-0.22492874,"y":2.5608685,"z":0.14326392,"quality":55},"superFrameNumber":10}
UWB,1669367445556,{"position":{"x":-0.20227592,"y":2.5710793,"z":0.13421984,"quality":54},"superFrameNumber":20}
UWB,1669367446557,{"position":{"x":-0.26180583,"y":2.5311635,"z":0.20284829,"quality":57},"superFrameNumber":30}
UWB,1669367447557,{"position":{"x":-0.27491185,"y":2.5226238,"z":0.22846805,"quality":56},"superFrameNumber":40}
UWB,1669367448558,{"position":{"x":-0.26754662,"y":2.5220768,"z":0.228073,"quality":55},"superFrameNumber":50}
UWB,1669367449557,{"position":{"x":-0.26044512,"y":2.5287669,"z":0.20293286,"quality":56},"superFrameNumber":60}
UWB,1669367450556,{"position":{"x":-0.25963274,"y":2.5289547,"z":0.19151586,"quality":56},"superFrameNumber":70}
UWB,1669367451558,{"position":{"x":-0.23843883,"y":2.5497918,"z":0.1617243,"quality":55},"superFrameNumber":80}
UWB,1669367452557,{"position":{"x":-0.26043132,"y":2.5531588,"z":0.1612545,"quality":57},"superFrameNumber":90}
UWB,1669367453557,{"position":{"x":-0.26138067,"y":2.5620897,"z":0.1436535,"quality":56},"superFrameNumber":100}
UWB,1669367454557,{"position":{"x":-0.2202563,"y":2.5726364,"z":0.11890128,"quality":54},"superFrameNumber":110}
UWB,1669367455556,{"position":{"x":-0.23908553,"y":2.5745144,"z":0.10993449,"quality":57},"superFrameNumber":120}
UWB,1669367456557,{"position":{"x":-0.24223943,"y":2.5721653,"z":0.1089995,"quality":56},"superFrameNumber":130}
UWB,1669367457557,{"position":{"x":-0.24962513,"y":2.5523932,"z":0.14315726,"quality":55},"superFrameNumber":140}
UWB,1669367458557,{"position":{"x":-0.25361624,"y":2.5492909,"z":0.13101922,"quality":56},"superFrameNumber":150}
UWB,1669367459557,{"position":{"x":-0.25832877,"y":2.5550439,"z":0.13921514,"quality":56},"superFrameNumber":160}
UWB,1669367460557,{"position":{"x":-0.24963041,"y":2.5735927,"z":0.12002543,"quality":56},"superFrameNumber":170}
UWB,1669367461557,{"position":{"x":-0.25817907,"y":2.5812452,"z":0.11812349,"quality":57},"superFrameNumber":180}
UWB,1669367462557,{"position":{"x":-0.26573873,"y":2.5780613,"z":0.1355467,"quality":56},"superFrameNumber":190}
UWB,1669367463557,{"position":{"x":-0.26722094,"y":2.5772855,"z":0.12945634,"quality":56},"superFrameNumber":200}
UWB,1669367464557,{"position":{"x":-0.26518202,"y":2.5726287,"z":0.1301991,"quality":56},"superFrameNumber":210}
UWB,1669367465557,{"position":{"x":-0.26155856,"y":2.5815806,"z":0.11919831,"quality":56},"superFrameNumber":220}
UWB,1669367466556,{"position":{"x":-0.25512317,"y":2.5648363,"z":0.13547099,"quality":55},"superFrameNumber":230}
UWB,1669367467557,{"position":{"x":-0.22705878,"y":2.5682852,"z":0.12251711,"quality":54},"superFrameNumber":240}
UWB,1669367468557,{"position":{"x":-0.21962519,"y":2.574609,"z":0.10700841,"quality":55},"superFrameNumber":250}
UWB,1669367469557,{"position":{"x":-0.24449712,"y":2.5851314,"z":0.1032813,"quality":57},"superFrameNumber":260}
UWB,1669367470557,{"position":{"x":-0.29315561,"y":2.5900178,"z":0.11775453,"quality":59},"superFrameNumber":270}
UWB,1669367471557,{"position":{"x":-0.27088788,"y":2.587414,"z":0.11445671,"quality":55},"superFrameNumber":280}
UWB,1669367472556,{"position":{"x":-0.26709092,"y":2.5698133,"z":0.13167411,"quality":55},"superFrameNumber":290}
UWB,1669367473557,{"position":{"x":-0.27318704,"y":2.5770633,"z":0.11096836,"quality":57},"superFrameNumber":300}
UWB,1669367474557,{"position":{"x":-0.27247575,"y":2.5733418,"z":0.11749486,"quality":56},"superFrameNumber":310}
UWB,1669367475557,{"position":{"x":-0.28043765,"y":2.5611088,"z":0.13295431,"quality":56},"superFrameNumber":320}
UWB,1669367476557,{"position":{"x":-0.25351334,"y":2.5512359,"z":0.13735829,"quality":54},"superFrameNumber":330}
UWB,1669367477556,{"position":{"x":-0.25219527,"y":2.5590928,"z":0.13748224,"quality":56},"superFrameNumber":340}
UWB,1669367478557,{"position":{"x":-0.25585967,"y":2.5658383,"z":0.12688167,"quality":56},"superFrameNumber":350}
UWB,1669367479557,{"position":{"x":-0.2740418,"y":2.5524421,"z":0.15997277,"quality":56},"superFrameNumber":360}
UWB,1669367480557,{"position":{"x":-0.2801851,"y":2.5674095,"z":0.14578705,"quality":57},"superFrameNumber":370}
UWB,1669367481557,{"position":{"x":-0.24618879,"y":2.5849333,"z":0.13001415,"quality":55},"superFrameNumber":380}
UWB,1669367482557,{"position":{"x":-0.2708669,"y":2.5598686,"z":0.16057061,"quality":57},"superFrameNumber":390}
UWB,1669367483556,{"position":{"x":-0.22114322,"y":2.5735986,"z":0.13153066,"quality":54},"superFrameNumber":400}
UWB,1669367484557,{"position":{"x":-0.19911058,"y":2.5776746,"z":0.10948727,"quality":54},"superFrameNumber":410}
UWB,1669367485557,{"position":{"x":-0.17036375,"y":2.5888371,"z":0.083018564,"quality":54},"superFrameNumber":420}
UWB,1669367486557,{"position":{"x":-0.20076682,"y":2.5839527,"z":0.10495684,"quality":56},"superFrameNumber":430}
UWB,1669367487557,{"position":{"x":-0.26075381,"y":2.5680442,"z":0.14335582,"quality":58},"superFrameNumber":440}
UWB,1669367488557,{"position":{"x":-0.29719219,"y":2.5456574,"z":0.17555483,"quality":57},"superFrameNumber":450}
UWB,1669367489557,{"position":{"x":-0.24582194,"y":2.5653398,"z":0.15323351,"quality":54},"superFrameNumber":460}
UWB,1669367490557,{"position":{"x":-0.23411395,"y":2.5632303,"z":0.15296493,"quality":55},"superFrameNumber":470}
UWB,1669367491557,{"position":{"x":-0.28845537,"y":2.5483754,"z":0.17968364,"quality":58},"superFrameNumber":480}
UWB,1669367492557,{"position":{"x":-0.24349147,"y":2.5687845,"z":0.14534052,"quality":54},"superFrameNumber":490}
UWB,1669367493557,{"position":{"x":-0.2476442,"y":2.5839849,"z":0.12759595,"quality":56},"superFrameNumber":500}
UWB,1669367494557,{"position":{"x":-0.18506329,"y":2.61331,"z":0.086813025,"quality":70},"superFrameNumber":510}
UWB,1669367495557,{"position":{"x":-0.24706495,"y":2.5833392,"z":0.13304818,"quality":58},"superFrameNumber":520}
UWB,1669367496557,{"position":{"x":-0.30102366,"y":2.5275364,"z":0.20365603,"quality":58},"superFrameNumber":530}
UWB,1669367497557,{"position":{"x":-0.28853387,"y":2.550987,"z":0.17386781,"quality":56},"superFrameNumber":540}
UWB,1669367498557,{"position":{"x":-0.25532904,"y":2.5730567,"z":0.14875719,"quality":55},"superFrameNumber":550}
UWB,1669367499557,{"position":{"x":-0.26796043,"y":2.5704708,"z":0.15505843,"quality":56},"superFrameNumber":560}
UWB,1669367500557,{"position":{"x":-0.23297516,"y":2.5781403,"z":0.12320672,"quality":55},"superFrameNumber":570}
UWB,1669367501557,{"position":{"x":-0.23789071,"y":2.5612743,"z":0.13836211,"quality":55},"superFrameNumber":580}
UWB,1669367502557,{"position":{"x":-0.23444635,"y":2.5455377,"z":0.14917746,"quality":55},"superFrameNumber":590}
UWB,1669367503557,{"position":{"x":-0.25423545,"y":2.5325289,"z":0.17676082,"quality":56},"superFrameNumber":600}
UWB,1669367504557,{"position":{"x":-0.24549192,"y":2.5387564,"z":0.1669194,"quality":55},"superFrameNumber":610}
UWB,1669367505557,{"position":{"x":-0.18062486,"y":2.6227257,"z":0.051990807,"quality":70},"superFrameNumber":620}
UWB,1669367506557,{"position":{"x":-0.1841355,"y":2.6076236,"z":0.0689004,"quality":55},"superFrameNumber":630}
UWB,1669367507557,{"position":{"x":-0.20016187,"y":2.6041296,"z":0.088363484,"quality":56},"superFrameNumber":640}
UWB,1669367508557,{"position":{"x":-0.22222582,"y":2.59431,"z":0.11248162,"quality":56},"superFrameNumber":650}
UWB,1669367509557,{"position":{"x":-0.27192762,"y":2.5678062,"z":0.15365078,"quality":58},"superFrameNumber":660}
UWB,1669367510557,{"position":{"x":-0.2759245,"y":2.5684547,"z":0.16561353,"quality":56},"superFrameNumber":670}
UWB,1669367511557,{"position":{"x":-0.26532319,"y":2.565413,"z":0.15735486,"quality":55},"superFrameNumber":680}
UWB,1669367512557,{"position":{"x":-0.29290953,"y":2.5453761,"z":0.18426384,"quality":57},"superFrameNumber":690}
UWB,1669367513557,{"position":{"x":-0.32400596,"y":2.5351067,"z":0.20133549,"quality":58},"superFrameNumber":700}
UWB,1669367514557,{"position":{"x":-0.32437167,"y":2.5195434,"z":0.20924574,"quality":56},"superFrameNumber":710}
UWB,1669367515557,{"position":{"x":-0.29867068,"y":2.5320113,"z":0.20571239,"quality":55},"superFrameNumber":720}
UWB,1669367516557,{"position":{"x":-0.2932815,"y":2.5319273,"z":0.21003482,"quality":56},"superFrameNumber":730}
UWB,1669367517558,{"position":{"x":-0.24946453,"y":2.55537,"z":0.16855302,"quality":54},"superFrameNumber":740}
UWB,1669367518558,{"position":{"x":-0.28832421,"y":2.5241766,"z":0.22586179,"quality":57},"superFrameNumber":750}
UWB,1669367519557,{"position":{"x":-0.29810357,"y":2.5511577,"z":0.19744314,"quality":57},"superFrameNumber":760}
UWB,1669367520558,{"position":{"x":-0.28746611,"y":2.5599275,"z":0.17143406,"quality":56},"superFrameNumber":770}
UWB,1669367521558,{"position":{"x":-0.28741783,"y":2.5693915,"z":0.15098307,"quality":57},"superFrameNumber":780}
UWB,1669367522557,{"position":{"x":-0.28924507,"y":2.5830691,"z":0.14890821,"quality":57},"superFrameNumber":790}
UWB,1669367523558,{"position":{"x":-0.30446205,"y":2.5686719,"z":0.15581144,"quality":57},"superFrameNumber":800}
UWB,1669367524558,{"position":{"x":-0.29364577,"y":2.5760112,"z":0.16259943,"quality":56},"superFrameNumber":810}
UWB,1669367525557,{"position":{"x":-0.30348468,"y":2.5472829,"z":0.18275584,"quality":56},"superFrameNumber":820}
UWB,1669367526557,{"position":{"x":-0.28191388,"y":2.5659177,"z":0.15701637,"quality":56},"superFrameNumber":830}
UWB,1669367527558,{"position":{"x":-0.29179361,"y":2.5362623,"z":0.20264027,"quality":56},"superFrameNumber":840}
UWB,1669367528557,{"position":{"x":-0.28166372,"y":2.547621,"z":0.18485099,"quality":56},"superFrameNumber":850}
UWB,1669367529558,{"position":{"x":-0.29919362,"y":2.5340631,"z":0.21144809,"quality":56},"superFrameNumber":860}
UWB,1669367530558,{"position":{"x":-0.26975691,"y":2.5632844,"z":0.17559195,"quality":55},"superFrameNumber":870}
UWB,1669367531557,{"position":{"x":-0.29657102,"y":2.5552876,"z":0.17071469,"quality":58},"superFrameNumber":880}
UWB,1669367532558,{"position":{"x":-0.27550557,"y":2.5707173,"z":0.16355097,"quality":55},"superFrameNumber":890}
UWB,1669367533558,{"position":{"x":-0.29457232,"y":2.5481527,"z":0.17913458,"quality":57},"superFrameNumber":900}
UWB,1669367534558,{"position":{"x":-0.30778226,"y":2.5316117,"z":0.19851589,"quality":57},"superFrameNumber":910}
UWB,1669367535558,{"position":{"x":-0.31565148,"y":2.52449,"z":0.21540976,"quality":56},"superFrameNumber":920}
UWB,1669367536558,{"position":{"x":-0.28992963,"y":2.530026,"z":0.19955142,"quality":55},"superFrameNumber":930}
UWB,1669367537557,{"position":{"x":-0.287849,"y":2.539603,"z":0.16600332,"quality":57},"superFrameNumber":940}
UWB,1669367538558,{"position":{"x":-0.27878031,"y":2.54262,"z":0.16802858,"quality":56},"superFrameNumber":950}
UWB,1669367539558,{"position":{"x":-0.28183228,"y":2.5383015,"z":0.1659178,"quality":56},"superFrameNumber":960}
UWB,1669367540558,{"position":{"x":-0.28459117,"y":2.5339146,"z":0.18475586,"quality":56},"superFrameNumber":970}
UWB,1669367541558,{"position":{"x":-0.24175578,"y":2.5499375,"z":0.15874797,"quality":54},"superFrameNumber":980}
UWB,1669367542558,{"position":{"x":-0.27791831,"y":2.5131717,"z":0.2287273,"quality":56},"superFrameNumber":990}
UWB,1669367543557,{"position":{"x":-0.25300679,"y":2.5323968,"z":0.20342879,"quality":55},"superFrameNumber":1000}
UWB,1669367544558,{"position":{"x":-0.17354728,"y":2.6059439,"z":0.10402562,"quality":70},"superFrameNumber":1010}
UWB,1669367545558,{"position":{"x":-0.21638577,"y":2.5811353,"z":0.14554888,"quality":57},"superFrameNumber":1020}
UWB,1669367546558,{"position":{"x":-0.23145075,"y":2.5775788,"z":0.15833895,"quality":56},"superFrameNumber":1030}
UWB,1669367547558,{"position":{"x":-0.22180352,"y":2.5872824,"z":0.15192375,"quality":55},"superFrameNumber":1040}
UWB,1669367548557,{"position":{"x":-0.2226299,"y":2.5882888,"z":0.13261536,"quality":56},"superFrameNumber":1050}
UWB,1669367549558,{"position":{"x":-0.21696247,"y":2.5898283,"z":0.11634985,"quality":55},"superFrameNumber":1060}
UWB,1669367550558,{"position":{"x":-0.28312328,"y":2.545002,"z":0.19645524,"quality":58},"superFrameNumber":1070}
UWB,1669367551558,{"position":{"x":-0.26996472,"y":2.5453086,"z":0.17987894,"quality":55},"superFrameNumber":1080}
UWB,1669367552558,{"position":{"x":-0.2771194,"y":2.5521805,"z":0.17250754,"quality":56},"superFrameNumber":1090}
UWB,1669367553558,{"position":{"x":-0.28725585,"y":2.5487764,"z":0.16551778,"quality":57},"superFrameNumber":1100}
UWB,1669367554557,{"position":{"x":-0.31727096,"y":2.5210986,"z":0.20546259,"quality":57},"superFrameNumber":1110}
UWB,1669367555558,{"position":{"x":-0.31424549,"y":2.5367429,"z":0.18809541,"quality":57},"superFrameNumber":1120}
UWB,1669367556558,{"position":{"x":-0.29156795,"y":2.5635297,"z":0.15964015,"quality":56},"superFrameNumber":1130}
UWB,1669367557558,{"position":{"x":-0.27315292,"y":2.5533216,"z":0.15617336,"quality":55},"superFrameNumber":1140}
UWB,1669367558558,{"position":{"x":-0.27832621,"y":2.5508125,"z":0.14259753,"quality":57},"superFrameNumber":1150}
UWB,1669367559557,{"position":{"x":-0.31037149,"y":2.5391574,"z":0.18022636,"quality":57},"superFrameNumber":1160}
UWB,1669367560558,{"position":{"x":-0.31258604,"y":2.5447927,"z":0.1836348,"quality":57},"superFrameNumber":1170}
UWB,1669367561560,{"position":{"x":-0.29227906,"y":2.5579803,"z":0.1745512,"quality":56},"superFrameNumber":1180}
UWB,1669367562558,{"position":{"x":-0.29756582,"y":2.5827234,"z":0.16190475,"quality":57},"superFrameNumber":1190}
UWB,1669367563558,{"position":{"x":-0.31509456,"y":2.5678601,"z":0.16293935,"quality":57},"superFrameNumber":1200}
UWB,1669367564558,{"position":{"x":-0.3273927,"y":2.556,"z":0.18124494,"quality":57},"superFrameNumber":1210}
UWB,1669367565557,{"position":{"x":-0.32050583,"y":2.5456681,"z":0.20296566,"quality":56},"superFrameNumber":1220}
UWB,1669367566558,{"position":{"x":-0.32378405,"y":2.5341356,"z":0.21774465,"quality":56},"superFrameNumber":1230}
UWB,1669367567558,{"position":{"x":-0.30164072,"y":2.5442398,"z":0.18807748,"quality":56},"superFrameNumber":1240}
UWB,1669367568558,{"position":{"x":-0.27068818,"y":2.5601037,"z":0.15681574,"quality":55},"superFrameNumber":1250}
UWB,1669367569558,{"position":{"x":-0.28344321,"y":2.5562766,"z":0.14760962,"quality":57},"superFrameNumber":1260}
UWB,1669367570557,{"position":{"x":-0.29926455,"y":2.5657468,"z":0.13653623,"quality":57},"superFrameNumber":1270}
UWB,1669367571558,{"position":{"x":-0.28987575,"y":2.5493546,"z":0.15874133,"quality":55},"superFrameNumber":1280}
UWB,1669367572558,{"position":{"x":-0.24583827,"y":2.5406053,"z":0.15792604,"quality":53},"superFrameNumber":1290}
UWB,1669367573558,{"position":{"x":-0.27901933,"y":2.5515704,"z":0.1591011,"quality":58},"superFrameNumber":1300}
UWB,1669367574558,{"position":{"x":-0.2557857,"y":2.567631,"z":0.1384909,"quality":55},"superFrameNumber":1310}
UWB,1669367575557,{"position":{"x":-0.25677302,"y":2.5844703,"z":0.12657557,"quality":56},"superFrameNumber":1320}
UWB,1669367576558,{"position":{"x":-0.26081133,"y":2.5633571,"z":0.1517106,"quality":55},"superFrameNumber":1330}
UWB,1669367577558,{"position":{"x":-0.26700425,"y":2.5737712,"z":0.14974166,"quality":56},"superFrameNumber":1340}
UWB,1669367578558,{"position":{"x":-0.25257817,"y":2.5765896,"z":0.14274684,"quality":55},"superFrameNumber":1350}
UWB,1669367579558,{"position":{"x":-0.26423302,"y":2.5695121,"z":0.15342645,"quality":56},"superFrameNumber":1360}
UWB,1669367580558,{"position":{"x":-0.30803078,"y":2.5559788,"z":0.1709585,"quality":58},"superFrameNumber":1370}
UWB,1669367581558,{"position":{"x":-0.30346614,"y":2.5410082,"z":0.18493876,"quality":56},"superFrameNumber":1380}
UWB,1669367582558,{"position":{"x":-0.31053448,"y":2.5257654,"z":0.20933862,"quality":56},"superFrameNumber":1390}
UWB,1669367583558,{"position":{"x":-0.28555828,"y":2.5339518,"z":0.19276114,"quality":55},"superFrameNumber":1400}
UWB,1669367584558,{"position":{"x":-0.27427667,"y":2.554615,"z":0.1810647,"quality":56},"superFrameNumber":1410}
UWB,1669367585558,{"position":{"x":-0.26599726,"y":2.5723388,"z":0.14527684,"quality":56},"superFrameNumber":1420}
UWB,1669367586557,{"position":{"x":-0.27531675,"y":2.5669498,"z":0.14840905,"quality":56},"superFrameNumber":1430}
UWB,1669367587558,{"position":{"x":-0.26941285,"y":2.5683346,"z":0.13932142,"quality":56},"superFrameNumber":0}
UWB,1669367588558,{"position":{"x":-0.27608964,"y":2.5654035,"z":0.15393615,"quality":56},"superFrameNumber":10}
UWB,1669367589558,{"position":{"x":-0.283919,"y":2.5622497,"z":0.16462134,"quality":56},"superFrameNumber":20}
UWB,1669367590558,{"position":{"x":-0.306734,"y":2.5339668,"z":0.20990182,"quality":57},"superFrameNumber":30}
UWB,1669367591558,{"position":{"x":-0.30416277,"y":2.545738,"z":0.19203639,"quality":57},"superFrameNumber":40}
UWB,1669367592558,{"position":{"x":-0.27951846,"y":2.558816,"z":0.16182829,"quality":55},"superFrameNumber":50}
UWB,1669367593558,{"position":{"x":-0.2831538,"y":2.5575564,"z":0.1655799,"quality":56},"superFrameNumber":60}
UWB,1669367594558,{"position":{"x":-0.26292247,"y":2.5628445,"z":0.14255127,"quality":55},"superFrameNumber":70}
UWB,1669367595558,{"position":{"x":-0.26141939,"y":2.5657015,"z":0.13851671,"quality":56},"superFrameNumber":80}
UWB,1669367596558,{"position":{"x":-0.29407904,"y":2.5275826,"z":0.20520364,"quality":56},"superFrameNumber":90}
UWB,1669367597557,{"position":{"x":-0.28323129,"y":2.5487139,"z":0.17618883,"quality":56},"superFrameNumber":100}
UWB,1669367598558,{"position":{"x":-0.26098657,"y":2.5599129,"z":0.17134851,"quality":55},"superFrameNumber":110}
UWB,1669367599558,{"position":{"x":-0.3023949,"y":2.5236044,"z":0.2398451,"quality":57},"superFrameNumber":120}
UWB,1669367600558,{"position":{"x":-0.31497011,"y":2.5308757,"z":0.21439691,"quality":57},"superFrameNumber":130}
UWB,1669367601559,{"position":{"x":-0.24614877,"y":2.5480485,"z":0.22114465,"quality":59},"superFrameNumber":140}
UWB,1669367602558,{"position":{"x":-0.28057069,"y":2.5426412,"z":0.24252093,"quality":57},"superFrameNumber":150}
UWB,1669367603557,{"position":{"x":-0.30286926,"y":2.5478547,"z":0.21939436,"quality":58},"superFrameNumber":160}
UWB,1669367604558,{"position":{"x":-0.2894147,"y":2.5466537,"z":0.22144473,"quality":55},"superFrameNumber":170}
UWB,1669367605558,{"position":{"x":-0.30749834,"y":2.5233207,"z":0.23738217,"quality":57},"superFrameNumber":180}
UWB,1669367606558,{"position":{"x":-0.30480817,"y":2.5159264,"z":0.24219364,"quality":56},"superFrameNumber":190}
UWB,1669367607559,{"position":{"x":-0.31046966,"y":2.5183959,"z":0.224773,"quality":57},"superFrameNumber":200}
UWB,1669367608557,{"position":{"x":-0.32064539,"y":2.5191839,"z":0.20592096,"quality":57},"superFrameNumber":210}
UWB,1669367609558,{"position":{"x":-0.29626817,"y":2.5293946,"z":0.18190396,"quality":55},"superFrameNumber":220}
UWB,1669367610558,{"position":{"x":-0.30084798,"y":2.5511284,"z":0.18982294,"quality":57},"superFrameNumber":230}
UWB,1669367611558,{"position":{"x":-0.2833223,"y":2.5666666,"z":0.16564277,"quality":56},"superFrameNumber":240}
UWB,1669367612558,{"position":{"x":-0.28058124,"y":2.5468345,"z":0.18147725,"quality":55},"superFrameNumber":250}
UWB,1669367613559,{"position":{"x":-0.27802137,"y":2.54975,"z":0.16964085,"quality":56},"superFrameNumber":260}
UWB,1669367614557,{"position":{"x":-0.2732068,"y":2.5486577,"z":0.17737745,"quality":56},"superFrameNumber":270}
UWB,1669367615558,{"position":{"x":-0.27924058,"y":2.5604227,"z":0.16455984,"quality":57},"superFrameNumber":280}
UWB,1669367616558,{"position":{"x":-0.29670632,"y":2.5610509,"z":0.16437837,"quality":57},"superFrameNumber":290}
UWB,1669367617558,{"position":{"x":-0.2669982,"y":2.5623474,"z":0.1533961,"quality":55},"superFrameNumber":300}
UWB,1669367618558,{"position":{"x":-0.26034483,"y":2.5523078,"z":0.16888088,"quality":55},"superFrameNumber":310}
UWB,1669367619557,{"position":{"x":-0.2537474,"y":2.5555897,"z":0.15862577,"quality":56},"superFrameNumber":320}
UWB,1669367620558,{"position":{"x":-0.27101725,"y":2.5646172,"z":0.16915926,"quality":57},"superFrameNumber":330}
UWB,1669367621558,{"position":{"x":-0.28677359,"y":2.540586,"z":0.2105719,"quality":56},"superFrameNumber":340}
UWB,1669367622558,{"position":{"x":-0.28067434,"y":2.5570612,"z":0.17652076,"quality":56},"superFrameNumber":350}
UWB,1669367623558,{"position":{"x":-0.30599749,"y":2.5486612,"z":0.20370781,"quality":57},"superFrameNumber":360}
UWB,1669367624558,{"position":{"x":-0.29056472,"y":2.5590153,"z":0.17645887,"quality":56},"superFrameNumber":370}
UWB,1669367625557,{"position":{"x":-0.30700406,"y":2.5584004,"z":0.1799887,"quality":57},"superFrameNumber":380}
UWB,1669367626558,{"position":{"x":-0.3226786,"y":2.5531056,"z":0.18396045,"quality":57},"superFrameNumber":390}
UWB,1669367627558,{"position":{"x":-0.30950961,"y":2.5465455,"z":0.18484771,"quality":56},"superFrameNumber":400}
UWB,1669367628558,{"position":{"x":-0.30962414,"y":2.5611117,"z":0.16342345,"quality":57},"superFrameNumber":410}
UWB,1669367629559,{"position":{"x":-0.29413632,"y":2.5740936,"z":0.14644024,"quality":56},"superFrameNumber":420}
UWB,1669367630557,{"position":{"x":-0.27779168,"y":2.5733194,"z":0.13968638,"quality":56},"superFrameNumber":430}
UWB,1669367631558,{"position":{"x":-0.24206018,"y":2.5792413,"z":0.13298877,"quality":54},"superFrameNumber":440}
UWB,1669367632558,{"position":{"x":-0.26448,"y":2.5599349,"z":0.17487077,"quality":56},"superFrameNumber":450}
UWB,1669367633558,{"position":{"x":-0.32080725,"y":2.5362432,"z":0.21053243,"quality":59},"superFrameNumber":460}
UWB,1669367634559,{"position":{"x":-0.33924338,"y":2.5091486,"z":0.24258107,"quality":57},"superFrameNumber":470}
UWB,1669367635557,{"position":{"x":-0.32410747,"y":2.5206397,"z":0.23337306,"quality":56},"superFrameNumber":480}
UWB,1669367636558,{"position":{"x":-0.31334594,"y":2.5175447,"z":0.23534146,"quality":56},"superFrameNumber":490}
UWB,1669367637558,{"position":{"x":-0.30010304,"y":2.5401905,"z":0.21053126,"quality":56},"superFrameNumber":500}
UWB,1669367638558,{"position":{"x":-0.28351548,"y":2.5563941,"z":0.17811219,"quality":56},"superFrameNumber":510}
UWB,1669367639558,{"position":{"x":-0.32165819,"y":2.5588958,"z":0.18740112,"quality":58},"superFrameNumber":520}
UWB,1669367640559,{"position":{"x":-0.33363008,"y":2.5287161,"z":0.22445948,"quality":56},"superFrameNumber":530}
UWB,1669367641558,{"position":{"x":-0.3215408,"y":2.5214059,"z":0.219482,"quality":56},"superFrameNumber":540}
UWB,1669367642558,{"position":{"x":-0.29036573,"y":2.5323322,"z":0.19968382,"quality":55},"superFrameNumber":550}
UWB,1669367643558,{"position":{"x":-0.28718707,"y":2.5325918,"z":0.20283312,"quality":56},"superFrameNumber":560}
UWB,1669367644558,{"position":{"x":-0.2889218,"y":2.5594649,"z":0.17423247,"quality":57},"superFrameNumber":570}
UWB,1669367645558,{"position":{"x":-0.29404631,"y":2.5595558,"z":0.16917731,"quality":57},"superFrameNumber":580}
UWB,1669367646557,{"position":{"x":-0.33229843,"y":2.5528941,"z":0.19138542,"quality":58},"superFrameNumber":590}
UWB,1669367647558,{"position":{"x":-0.3183333,"y":2.5611517,"z":0.17980544,"quality":56},"superFrameNumber":600}
UWB,1669367648558,{"position":{"x":-0.330786,"y":2.5624161,"z":0.16522263,"quality":58},"superFrameNumber":610}
UWB,1669367649558,{"position":{"x":-0.30718589,"y":2.5714397,"z":0.14444384,"quality":56},"superFrameNumber":620}
UWB,1669367650559,{"position":{"x":-0.33090904,"y":2.5550432,"z":0.16179892,"quality":58},"superFrameNumber":630}
UWB,1669367651558,{"position":{"x":-0.30458203,"y":2.5559254,"z":0.16981663,"quality":55},"superFrameNumber":640}
UWB,1669367652557,{"position":{"x":-0.31795397,"y":2.5388379,"z":0.19623935,"quality":57},"superFrameNumber":650}
UWB,1669367653558,{"position":{"x":-0.30206645,"y":2.518759,"z":0.2039893,"quality":55},"superFrameNumber":660}
UWB,1669367654558,{"position":{"x":-0.304472,"y":2.5235839,"z":0.22231854,"quality":56},"superFrameNumber":670}
UWB,1669367655558,{"position":{"x":-0.29939246,"y":2.5204077,"z":0.22619273,"quality":56},"superFrameNumber":680}
UWB,1669367656558,{"position":{"x":-0.25977823,"y":2.543452,"z":0.18141736,"quality":55},"superFrameNumber":690}
UWB,1669367657557,{"position":{"x":-0.27367964,"y":2.5303459,"z":0.19140105,"quality":56},"superFrameNumber":700}
UWB,1669367658559,{"position":{"x":-0.27075833,"y":2.5470703,"z":0.16330695,"quality":56},"superFrameNumber":710}
UWB,1669367659558,{"position":{"x":-0.2433458,"y":2.550081,"z":0.15062328,"quality":54},"superFrameNumber":720}
UWB,1669367660558,{"position":{"x":-0.25024751,"y":2.5514636,"z":0.17642832,"quality":56},"superFrameNumber":730}
UWB,1669367661558,{"position":{"x":-0.3010214,"y":2.5421309,"z":0.20412293,"quality":58},"superFrameNumber":740}
UWB,1669367662558,{"position":{"x":-0.29593825,"y":2.5443747,"z":0.19163489,"quality":56},"superFrameNumber":750}
UWB,1669367663558,{"position":{"x":-0.30844676,"y":2.5211601,"z":0.22149284,"quality":56},"superFrameNumber":760}
UWB,1669367664558,{"position":{"x":-0.30022031,"y":2.5398898,"z":0.19072911,"quality":56},"superFrameNumber":770}
UWB,1669367665559,{"position":{"x":-0.30119535,"y":2.5332325,"z":0.20234634,"quality":56},"superFrameNumber":780}
UWB,1669367666558,{"position":{"x":-0.27280521,"y":2.5471828,"z":0.17619108,"quality":55},"superFrameNumber":790}
UWB,1669367667558,{"position":{"x":-0.26303408,"y":2.5382869,"z":0.18965004,"quality":55},"superFrameNumber":800}
UWB,1669367668557,{"position":{"x":-0.27892318,"y":2.5534711,"z":0.16963895,"quality":57},"superFrameNumber":810}
UWB,1669367669558,{"position":{"x":-0.30122417,"y":2.5393562,"z":0.19088571,"quality":57},"superFrameNumber":820}
UWB,1669367670559,{"position":{"x":-0.24711439,"y":2.5585461,"z":0.17925227,"quality":53},"superFrameNumber":830}
UWB,1669367671558,{"position":{"x":-0.25293592,"y":2.5445895,"z":0.19013654,"quality":55},"superFrameNumber":840}
UWB,1669367672558,{"position":{"x":-0.26664919,"y":2.5414972,"z":0.20134501,"quality":56},"superFrameNumber":850}
UWB,1669367673558,{"position":{"x":-0.27875751,"y":2.5358372,"z":0.19824728,"quality":56},"superFrameNumber":860}
UWB,1669367674558,{"position":{"x":-0.27665359,"y":2.5415022,"z":0.18221837,"quality":56},"superFrameNumber":870}
UWB,1669367675558,{"position":{"x":-0.2858465,"y":2.542815,"z":0.19864579,"quality":56},"superFrameNumber":880}
UWB,1669367676559,{"position":{"x":-0.29132786,"y":2.5541668,"z":0.1855396,"quality":57},"superFrameNumber":890}
UWB,1669367677558,{"position":{"x":-0.28207269,"y":2.5672154,"z":0.17562592,"quality":56},"superFrameNumber":900}
UWB,1669367678558,{"position":{"x":-0.3054603,"y":2.5627892,"z":0.19730766,"quality":57},"superFrameNumber":910}
UWB,1669367679557,{"position":{"x":-0.29494712,"y":2.5637853,"z":0.1723059,"quality":56},"superFrameNumber":920}
UWB,1669367680558,{"position":{"x":-0.27782908,"y":2.5476985,"z":0.1931099,"quality":55},"superFrameNumber":930}
UWB,1669367681558,{"position":{"x":-0.2981213,"y":2.5179689,"z":0.22324541,"quality":56},"superFrameNumber":940}
UWB,1669367682559,{"position":{"x":-0.33254427,"y":2.4997866,"z":0.26261973,"quality":57},"superFrameNumber":950}
UWB,1669367683558,{"position":{"x":-0.32252234,"y":2.50933,"z":0.23036441,"quality":56},"superFrameNumber":960}
UWB,1669367684558,{"position":{"x":-0.32199985,"y":2.5052464,"z":0.23177597,"quality":56},"superFrameNumber":970}
UWB,1669367685557,{"position":{"x":-0.28959405,"y":2.5393193,"z":0.19233629,"quality":55},"superFrameNumber":980}
UWB,1669367686558,{"position":{"x":-0.28506947,"y":2.5319197,"z":0.19533484,"quality":56},"superFrameNumber":990}
UWB,1669367687558,{"position":{"x":-0.24027337,"y":2.532455,"z":0.20045057,"quality":53},"superFrameNumber":1000}
UWB,1669367688558,{"position":{"x":-0.2754949,"y":2.5401742,"z":0.18837465,"quality":58},"superFrameNumber":1010}
UWB,1669367689558,{"position":{"x":-0.29527128,"y":2.5497236,"z":0.16887517,"quality":58},"superFrameNumber":1020}
UWB,1669367690557,{"position":{"x":-0.27416554,"y":2.5659058,"z":0.15095361,"quality":55},"superFrameNumber":1030}
UWB,1669367691558,{"position":{"x":-0.26346371,"y":2.5701556,"z":0.14707386,"quality":56},"superFrameNumber":1040}
UWB,1669367692558,{"position":{"x":-0.27855426,"y":2.5598152,"z":0.15841822,"quality":57},"superFrameNumber":1050}
UWB,1669367693558,{"position":{"x":-0.29322731,"y":2.5463433,"z":0.15092449,"quality":57},"superFrameNumber":1060}
UWB,1669367694559,{"position":{"x":-0.29543555,"y":2.5667415,"z":0.13774511,"quality":57},"superFrameNumber":1070}
UWB,1669367695557,{"position":{"x":-0.23424715,"y":2.5758486,"z":0.11896972,"quality":53},"superFrameNumber":1080}
UWB,1669367696558,{"position":{"x":-0.27716622,"y":2.5570824,"z":0.1510359,"quality":58},"superFrameNumber":1090}
UWB,1669367697558,{"position":{"x":-0.28209969,"y":2.5552356,"z":0.13863017,"quality":57},"superFrameNumber":1100}
UWB,1669367698559,{"position":{"x":-0.30259284,"y":2.5573208,"z":0.14121395,"quality":57},"superFrameNumber":1110}
UWB,1669367699558,{"position":{"x":-0.30345997,"y":2.5424652,"z":0.16676043,"quality":56},"superFrameNumber":1120}
UWB,1669367700559,{"position":{"x":-0.32526267,"y":2.5213895,"z":0.19579487,"quality":57},"superFrameNumber":1130}
UWB,1669367701559,{"position":{"x":-0.30384216,"y":2.5249984,"z":0.1731649,"quality":56},"superFrameNumber":1140}
UWB,1669367702558,{"position":{"x":-0.32226625,"y":2.5316234,"z":0.16991875,"quality":58},"superFrameNumber":1150}
UWB,1669367703558,{"position":{"x":-0.32228705,"y":2.5273054,"z":0.19544697,"quality":56},"superFrameNumber":1160}
UWB,1669367704558,{"position":{"x":-0.30777329,"y":2.522604,"z":0.20622697,"quality":55},"superFrameNumber":1170}
UWB,1669367705558,{"position":{"x":-0.31641808,"y":2.5041633,"z":0.22258459,"quality":56},"superFrameNumber":1180}
UWB,1669367706557,{"position":{"x":-0.30564141,"y":2.5227809,"z":0.18346098,"quality":56},"superFrameNumber":1190}
UWB,1669367707558,{"position":{"x":-0.33609486,"y":2.4942746,"z":0.24464658,"quality":57},"superFrameNumber":1200}
UWB,1669367708559,{"position":{"x":-0.3042154,"y":2.5209033,"z":0.20042919,"quality":56},"superFrameNumber":1210}
UWB,1669367709559,{"position":{"x":-0.31336111,"y":2.5283194,"z":0.20364338,"quality":57},"superFrameNumber":1220}
UWB,1669367710559,{"position":{"x":-0.27856222,"y":2.5447021,"z":0.17314754,"quality":55},"superFrameNumber":1230}
UWB,1669367711559,{"position":{"x":-0.27376133,"y":2.5603819,"z":0.15003268,"quality":56},"superFrameNumber":1240}
UWB,1669367712559,{"position":{"x":-0.27600482,"y":2.5568421,"z":0.17148907,"quality":56},"superFrameNumber":1250}
UWB,1669367713559,{"position":{"x":-0.25956288,"y":2.5849004,"z":0.14421983,"quality":56},"superFrameNumber":1260}
UWB,1669367714559,{"position":{"x":-0.2860052,"y":2.5554221,"z":0.19160353,"quality":56},"superFrameNumber":1270}
UWB,1669367715643,{"position":{"x":-0.28532097,"y":2.553653,"z":0.18331732,"quality":56},"superFrameNumber":1280}
UWB,1669367716559,{"position":{"x":-0.30703303,"y":2.5648329,"z":0.1669016,"quality":58},"superFrameNumber":1290}
UWB,1669367717558,{"position":{"x":-0.26671296,"y":2.5614417,"z":0.16181423,"quality":54},"superFrameNumber":1300}
UWB,1669367718559,{"position":{"x":-0.2556538,"y":2.5787857,"z":0.14635773,"quality":56},"superFrameNumber":1310}
UWB,1669367719559,{"position":{"x":-0.24825999,"y":2.567745,"z":0.15039378,"quality":55},"superFrameNumber":1320}
UWB,1669367720559,{"position":{"x":-0.25599757,"y":2.5622733,"z":0.15932854,"quality":56},"superFrameNumber":1330}
UWB,1669367721559,{"position":{"x":-0.23735689,"y":2.5271642,"z":0.22050561,"quality":53},"superFrameNumber":1340}
UWB,1669367722559,{"position":{"x":-0.26851764,"y":2.5317388,"z":0.21105577,"quality":57},"superFrameNumber":1350}
UWB,1669367723558,{"position":{"x":-0.27811822,"y":2.5465655,"z":0.1817051,"quality":57},"superFrameNumber":1360}
UWB,1669367724559,{"position":{"x":-0.30266464,"y":2.5288794,"z":0.19761017,"quality":57},"superFrameNumber":1370}
UWB,1669367725559,{"position":{"x":-0.24456009,"y":2.5605493,"z":0.16967325,"quality":54},"superFrameNumber":1380}
UWB,1669367726559,{"position":{"x":-0.30871466,"y":2.5258842,"z":0.23074633,"quality":58},"superFrameNumber":1390}
UWB,1669367727559,{"position":{"x":-0.31695932,"y":2.5099218,"z":0.24663763,"quality":56},"superFrameNumber":1400}
UWB,1669367728558,{"position":{"x":-0.33234537,"y":2.5201452,"z":0.23561744,"quality":57},"superFrameNumber":1410}
UWB,1669367729559,{"position":{"x":-0.27745619,"y":2.5374131,"z":0.19480015,"quality":54},"superFrameNumber":1420}
UWB,1669367730559,{"position":{"x":-0.2887513,"y":2.5429289,"z":0.17300393,"quality":57},"superFrameNumber":1430}
UWB,1669367731559,{"position":{"x":-0.29984197,"y":2.5459785,"z":0.17905222,"quality":57},"superFrameNumber":0}
UWB,1669367732559,{"position":{"x":-0.31460026,"y":2.5572724,"z":0.17380784,"quality":57},"superFrameNumber":10}
UWB,1669367733559,{"position":{"x":-0.33640754,"y":2.5587623,"z":0.18166871,"quality":58},"superFrameNumber":20}
UWB,1669367734558,{"position":{"x":-0.33274361,"y":2.5651767,"z":0.15446177,"quality":57},"superFrameNumber":30}
UWB,1669367735559,{"position":{"x":-0.32160497,"y":2.5680258,"z":0.14768326,"quality":56},"superFrameNumber":40}
UWB,1669367736559,{"position":{"x":-0.31976122,"y":2.5466108,"z":0.18409431,"quality":56},"superFrameNumber":50}
UWB,1669367737559,{"position":{"x":-0.29629713,"y":2.5270634,"z":0.19872375,"quality":55},"superFrameNumber":60}
UWB,1669367738559,{"position":{"x":-0.27833009,"y":2.5295901,"z":0.18257014,"quality":55},"superFrameNumber":70}
UWB,1669367739558,{"position":{"x":-0.30423927,"y":2.5198123,"z":0.20150049,"quality":57},"superFrameNumber":80}
UWB,1669367740559,{"position":{"x":-0.277332,"y":2.539161,"z":0.1729697,"quality":55},"superFrameNumber":90}
UWB,1669367741559,{"position":{"x":-0.2881071,"y":2.532212,"z":0.1924444,"quality":56},"superFrameNumber":100}
UWB,1669367742559,{"position":{"x":-0.31882331,"y":2.5239239,"z":0.20912643,"quality":58},"superFrameNumber":110}
UWB,1669367743559,{"position":{"x":-0.30348042,"y":2.5464559,"z":0.17070618,"quality":56},"superFrameNumber":120}
UWB,1669367744559,{"position":{"x":-0.31501153,"y":2.5537758,"z":0.16855194,"quality":57},"superFrameNumber":130}
UWB,1669367745558,{"position":{"x":-0.32648635,"y":2.546232,"z":0.17373073,"quality":57},"superFrameNumber":140}
UWB,1669367746559,{"position":{"x":-0.27935517,"y":2.5644631,"z":0.15313165,"quality":54},"superFrameNumber":150}
UWB,1669367747559,{"position":{"x":-0.3043789,"y":2.550313,"z":0.18129249,"quality":57},"superFrameNumber":160}
UWB,1669367748559,{"position":{"x":-0.3089909,"y":2.5469174,"z":0.17500284,"quality":57},"superFrameNumber":170}
UWB,1669367749559,{"position":{"x":-0.29978135,"y":2.5145605,"z":0.22590731,"quality":55},"superFrameNumber":180}
UWB,1669367750558,{"position":{"x":-0.24844651,"y":2.5386481,"z":0.20091611,"quality":54},"superFrameNumber":190}
UWB,1669367751559,{"position":{"x":-0.26440215,"y":2.5179048,"z":0.22766468,"quality":56},"superFrameNumber":200}
UWB,1669367752559,{"position":{"x":-0.2768591,"y":2.4970388,"z":0.23446488,"quality":56},"superFrameNumber":210}
UWB,1669367753559,{"position":{"x":-0.300448,"y":2.4889686,"z":0.24535947,"quality":57},"superFrameNumber":220}
UWB,1669367754559,{"position":{"x":-0.30446798,"y":2.4958353,"z":0.23843418,"quality":56},"superFrameNumber":230}
UWB,1669367755558,{"position":{"x":-0.32746547,"y":2.4914241,"z":0.24015893,"quality":57},"superFrameNumber":240}
UWB,1669367756559,{"position":{"x":-0.30785006,"y":2.5007329,"z":0.2174283,"quality":56},"superFrameNumber":250}
UWB,1669367757559,{"position":{"x":-0.30128932,"y":2.5213308,"z":0.18232632,"quality":57},"superFrameNumber":260}
UWB,1669367758559,{"position":{"x":-0.31981274,"y":2.5114112,"z":0.17497641,"quality":57},"superFrameNumber":270}
UWB,1669367759559,{"position":{"x":-0.33108562,"y":2.494477,"z":0.22369576,"quality":56},"superFrameNumber":280}
UWB,1669367760559,{"position":{"x":-0.34851781,"y":2.4792562,"z":0.26143867,"quality":57},"superFrameNumber":290}
UWB,1669367761559,{"position":{"x":-0.24503388,"y":2.6124625,"z":0.080796354,"quality":70},"superFrameNumber":300}
UWB,1669367762559,{"position":{"x":-0.24161494,"y":2.5986378,"z":0.089307621,"quality":56},"superFrameNumber":310}
UWB,1669367763559,{"position":{"x":-0.24227782,"y":2.6010866,"z":0.094345242,"quality":56},"superFrameNumber":320}
UWB,1669367764559,{"position":{"x":-0.28034955,"y":2.5760515,"z":0.13199574,"quality":57},"superFrameNumber":330}
UWB,1669367765559,{"position":{"x":-0.21256725,"y":2.5921865,"z":0.10937855,"quality":53},"superFrameNumber":340}
UWB,1669367766558,{"position":{"x":-0.23253959,"y":2.5859935,"z":0.12132213,"quality":56},"superFrameNumber":350}
UWB,1669367767559,{"position":{"x":-0.28078237,"y":2.5694587,"z":0.15929769,"quality":58},"superFrameNumber":360}
UWB,1669367768559,{"position":{"x":-0.30497375,"y":2.5496287,"z":0.17765005,"quality":57},"superFrameNumber":370}
UWB,1669367769559,{"position":{"x":-0.29367104,"y":2.5365131,"z":0.1677901,"quality":56},"superFrameNumber":380}
UWB,1669367770559,{"position":{"x":-0.27107739,"y":2.5576704,"z":0.1436456,"quality":56},"superFrameNumber":390}
UWB,1669367771559,{"position":{"x":-0.30384126,"y":2.5423841,"z":0.17306718,"quality":57},"superFrameNumber":400}
UWB,1669367772559,{"position":{"x":-0.28950852,"y":2.5414023,"z":0.18413426,"quality":55},"superFrameNumber":410}
UWB,1669367773559,{"position":{"x":-0.27820989,"y":2.5455589,"z":0.17503604,"quality":56},"superFrameNumber":420}
UWB,1669367774559,{"position":{"x":-0.25171196,"y":2.5657017,"z":0.15054113,"quality":55},"superFrameNumber":430}
UWB,1669367775559,{"position":{"x":-0.28973192,"y":2.5368009,"z":0.18729185,"quality":57},"superFrameNumber":440}
UWB,1669367776559,{"position":{"x":-0.27185518,"y":2.5594947,"z":0.15253371,"quality":56},"superFrameNumber":450}
UWB,1669367777558,{"position":{"x":-0.31076109,"y":2.5299332,"z":0.21735902,"quality":57},"superFrameNumber":460}
UWB,1669367778559,{"position":{"x":-0.31920302,"y":2.5425496,"z":0.18146336,"quality":58},"superFrameNumber":470}
UWB,1669367779559,{"position":{"x":-0.29884478,"y":2.5446398,"z":0.17740817,"quality":55},"superFrameNumber":480}
UWB,1669367780559,{"position":{"x":-0.31824762,"y":2.561234,"z":0.17444152,"quality":58},"superFrameNumber":490}
UWB,1669367781559,{"position":{"x":-0.30539891,"y":2.5683644,"z":0.15533575,"quality":56},"superFrameNumber":500}
UWB,1669367782559,{"position":{"x":-0.28307402,"y":2.5766487,"z":0.14141209,"quality":56},"superFrameNumber":510}
UWB,1669367783558,{"position":{"x":-0.28516731,"y":2.5641918,"z":0.15992276,"quality":56},"superFrameNumber":520}
UWB,1669367784559,{"position":{"x":-0.30526713,"y":2.5393536,"z":0.18918023,"quality":57},"superFrameNumber":530}
UWB,1669367785559,{"position":{"x":-0.28091279,"y":2.5464003,"z":0.15825152,"quality":55},"superFrameNumber":540}
UWB,1669367786559,{"position":{"x":-0.29502234,"y":2.5348282,"z":0.17992577,"quality":56},"superFrameNumber":550}
UWB,1669367787559,{"position":{"x":-0.30644509,"y":2.5103931,"z":0.22021885,"quality":56},"superFrameNumber":560}
UWB,1669367788558,{"position":{"x":-0.29090044,"y":2.5284734,"z":0.18737522,"quality":56},"superFrameNumber":570}
UWB,1669367789559,{"position":{"x":-0.31884336,"y":2.5305963,"z":0.19726403,"quality":58},"superFrameNumber":580}
UWB,1669367790559,{"position":{"x":-0.29135522,"y":2.5410004,"z":0.17882612,"quality":55},"superFrameNumber":590}
UWB,1669367791559,{"position":{"x":-0.29973149,"y":2.537317,"z":0.20623945,"quality":56},"superFrameNumber":600}
UWB,1669367792559,{"position":{"x":-0.31516355,"y":2.5333951,"z":0.19859135,"quality":57},"superFrameNumber":610}
UWB,1669367793559,{"position":{"x":-0.31591642,"y":2.5322649,"z":0.19681302,"quality":56},"superFrameNumber":620}
UWB,1669367794558,{"position":{"x":-0.30262482,"y":2.5503736,"z":0.16283861,"quality":56},"superFrameNumber":630}
UWB,1669367795559,{"position":{"x":-0.27508625,"y":2.5572653,"z":0.15054943,"quality":55},"superFrameNumber":640}
UWB,1669367796559,{"position":{"x":-0.28909093,"y":2.5453391,"z":0.17882423,"quality":56},"superFrameNumber":650}
UWB,1669367797559,{"position":{"x":-0.28708354,"y":2.5296288,"z":0.18925631,"quality":56},"superFrameNumber":660}
UWB,1669367798559,{"position":{"x":-0.30155647,"y":2.5299661,"z":0.18389016,"quality":57},"superFrameNumber":670}
UWB,1669367799558,{"position":{"x":-0.28929776,"y":2.5298195,"z":0.17098878,"quality":56},"superFrameNumber":680}
UWB,1669367800559,{"position":{"x":-0.29926986,"y":2.5120041,"z":0.17930254,"quality":56},"superFrameNumber":690}
UWB,1669367801559,{"position":{"x":-0.30116034,"y":2.5246525,"z":0.17190297,"quality":57},"superFrameNumber":700}
UWB,1669367802559,{"position":{"x":-0.3131521,"y":2.5161672,"z":0.21335599,"quality":56},"superFrameNumber":710}
UWB,1669367803559,{"position":{"x":-0.31989908,"y":2.540252,"z":0.19535193,"quality":57},"superFrameNumber":720}
UWB,1669367804559,{"position":{"x":-0.31177551,"y":2.5372727,"z":0.19139229,"quality":56},"superFrameNumber":730}
UWB,1669367805558,{"position":{"x":-0.29379666,"y":2.5413928,"z":0.19006474,"quality":55},"superFrameNumber":740}
UWB,1669367806560,{"position":{"x":-0.32116172,"y":2.5370393,"z":0.19362068,"quality":58},"superFrameNumber":750}
UWB,1669367807559,{"position":{"x":-0.30183488,"y":2.5491643,"z":0.19075049,"quality":56},"superFrameNumber":760}
UWB,1669367808559,{"position":{"x":-0.30458996,"y":2.538069,"z":0.19952516,"quality":56},"superFrameNumber":770}
UWB,1669367809559,{"position":{"x":-0.25907642,"y":2.5478239,"z":0.1885393,"quality":54},"superFrameNumber":780}
UWB,1669367810558,{"position":{"x":-0.21442805,"y":2.548995,"z":0.17286901,"quality":53},"superFrameNumber":790}
UWB,1669367811559,{"position":{"x":-0.2414802,"y":2.5497665,"z":0.15509424,"quality":57},"superFrameNumber":800}
UWB,1669367812559,{"position":{"x":-0.20455344,"y":2.5691047,"z":0.12237421,"quality":54},"superFrameNumber":810}
UWB,1669367813559,{"position":{"x":-0.22508425,"y":2.5529556,"z":0.15157832,"quality":56},"superFrameNumber":820}
UWB,1669367814560,{"position":{"x":-0.1724768,"y":2.5649042,"z":0.1297009,"quality":53},"superFrameNumber":830}
UWB,1669367815558,{"position":{"x":-0.17561182,"y":2.5642607,"z":0.11482987,"quality":55},"superFrameNumber":840}
UWB,1669367816559,{"position":{"x":-0.20164613,"y":2.5752306,"z":0.10272051,"quality":57},"superFrameNumber":850}
UWB,1669367817559,{"position":{"x":-0.18816592,"y":2.577904,"z":0.10558456,"quality":54},"superFrameNumber":860}
UWB,1669367818559,{"position":{"x":-0.21904659,"y":2.5542006,"z":0.13732043,"quality":56},"superFrameNumber":870}
UWB,1669367819559,{"position":{"x":-0.24302831,"y":2.5717642,"z":0.11525095,"quality":57},"superFrameNumber":880}
UWB,1669367820559,{"position":{"x":-0.25583932,"y":2.5479126,"z":0.15915509,"quality":55},"superFrameNumber":890}
UWB,1669367821559,{"position":{"x":-0.24167135,"y":2.5335436,"z":0.17736419,"quality":54},"superFrameNumber":900}
UWB,1669367822559,{"position":{"x":-0.29026234,"y":2.5126908,"z":0.20462859,"quality":58},"superFrameNumber":910}
UWB,1669367823560,{"position":{"x":-0.26843423,"y":2.5374935,"z":0.17243409,"quality":55},"superFrameNumber":920}
UWB,1669367824559,{"position":{"x":-0.26682425,"y":2.5533512,"z":0.1498159,"quality":56},"superFrameNumber":930}
UWB,1669367825559,{"position":{"x":-0.26927963,"y":2.5503278,"z":0.15634063,"quality":56},"superFrameNumber":940}
UWB,1669367826558,{"position":{"x":-0.26083523,"y":2.5709829,"z":0.12800479,"quality":56},"superFrameNumber":950}
UWB,1669367827559,{"position":{"x":-0.30498075,"y":2.5516822,"z":0.17041118,"quality":58},"superFrameNumber":960}
UWB,1669367828560,{"position":{"x":-0.30535957,"y":2.5665629,"z":0.15830134,"quality":57},"superFrameNumber":970}
UWB,1669367829559,{"position":{"x":-0.3020137,"y":2.565414,"z":0.15993497,"quality":56},"superFrameNumber":980}
UWB,1669367830559,{"position":{"x":-0.32496974,"y":2.5429294,"z":0.19281688,"quality":57},"superFrameNumber":990}
UWB,1669367831559,{"position":{"x":-0.31912526,"y":2.5315921,"z":0.19911951,"quality":56},"superFrameNumber":1000}
UWB,1669367832559,{"position":{"x":-0.32820341,"y":2.515337,"z":0.2260517,"quality":56},"superFrameNumber":1010}
UWB,1669367833559,{"position":{"x":-0.32232988,"y":2.5255318,"z":0.20102863,"quality":57},"superFrameNumber":1020}
UWB,1669367834560,{"position":{"x":-0.3202689,"y":2.5286045,"z":0.19114251,"quality":57},"superFrameNumber":1030}
UWB,1669367835559,{"position":{"x":-0.30890474,"y":2.5540638,"z":0.158159,"quality":57},"superFrameNumber":1040}
UWB,1669367836559,{"position":{"x":-0.30775103,"y":2.5676885,"z":0.14391507,"quality":57},"superFrameNumber":1050}
UWB,1669367837558,{"position":{"x":-0.32869744,"y":2.580421,"z":0.12714957,"quality":58},"superFrameNumber":1060}
UWB,1669367838559,{"position":{"x":-0.32555073,"y":2.5552628,"z":0.15911077,"quality":56},"superFrameNumber":1070}
UWB,1669367839560,{"position":{"x":-0.34635079,"y":2.534996,"z":0.20196705,"quality":57},"superFrameNumber":1080}
UWB,1669367840559,{"position":{"x":-0.34833691,"y":2.5188382,"z":0.20757914,"quality":57},"superFrameNumber":1090}
UWB,1669367841559,{"position":{"x":-0.32775757,"y":2.5310457,"z":0.18180038,"quality":56},"superFrameNumber":1100}
UWB,1669367842559,{"position":{"x":-0.31969807,"y":2.5380547,"z":0.17257635,"quality":56},"superFrameNumber":1110}
UWB,1669367843558,{"position":{"x":-0.32596591,"y":2.5307097,"z":0.18361422,"quality":57},"superFrameNumber":1120}
UWB,1669367844560,{"position":{"x":-0.29463732,"y":2.5613389,"z":0.1603993,"quality":56},"superFrameNumber":1130}
UWB,1669367845559,{"position":{"x":-0.28476483,"y":2.5661821,"z":0.1455559,"quality":56},"superFrameNumber":1140}
UWB,1669367846559,{"position":{"x":-0.29334,"y":2.5558197,"z":0.16690262,"quality":56},"superFrameNumber":1150}
UWB,1669367847559,{"position":{"x":-0.31686008,"y":2.5231144,"z":0.21501687,"quality":57},"superFrameNumber":1160}
UWB,1669367848558,{"position":{"x":-0.3083384,"y":2.53767,"z":0.17118505,"quality":57},"superFrameNumber":1170}
UWB,1669367849560,{"position":{"x":-0.29938081,"y":2.5460629,"z":0.1494436,"quality":56},"superFrameNumber":1180}
UWB,1669367850559,{"position":{"x":-0.29329774,"y":2.5519323,"z":0.15410346,"quality":56},"superFrameNumber":1190}
UWB,1669367851559,{"position":{"x":-0.30962154,"y":2.5275569,"z":0.18846336,"quality":56},"superFrameNumber":1200}
UWB,1669367852559,{"position":{"x":-0.31061256,"y":2.5213459,"z":0.22190467,"quality":56},"superFrameNumber":1210}
UWB,1669367853559,{"position":{"x":-0.26820105,"y":2.5486658,"z":0.18820216,"quality":55},"superFrameNumber":1220}
UWB,1669367854558,{"position":{"x":-0.28700718,"y":2.5522535,"z":0.18185665,"quality":57},"superFrameNumber":1230}
UWB,1669367855559,{"position":{"x":-0.2616899,"y":2.5667541,"z":0.15745448,"quality":55},"superFrameNumber":1240}
UWB,1669367856559,{"position":{"x":-0.28599057,"y":2.566263,"z":0.16907075,"quality":57},"superFrameNumber":1250}
UWB,1669367857559,{"position":{"x":-0.31534162,"y":2.5514891,"z":0.18823907,"quality":58},"superFrameNumber":1260}
UWB,1669367858559,{"position":{"x":-0.29737017,"y":2.558377,"z":0.1686684,"quality":56},"superFrameNumber":1270}
UWB,1669367859558,{"position":{"x":-0.28372055,"y":2.5665636,"z":0.13977514,"quality":56},"superFrameNumber":1280}
UWB,1669367860559,{"position":{"x":-0.32122195,"y":2.545002,"z":0.16709639,"quality":58},"superFrameNumber":1290}
UWB,1669367861559,{"position":{"x":-0.33340472,"y":2.5351605,"z":0.18165767,"quality":57},"superFrameNumber":1300}
UWB,1669367862559,{"position":{"x":-0.30676812,"y":2.5534079,"z":0.14326128,"quality":56},"superFrameNumber":1310}
UWB,1669367863559,{"position":{"x":-0.3045198,"y":2.5496705,"z":0.12463198,"quality":57},"superFrameNumber":1320}
UWB,1669367864559,{"position":{"x":-0.28100833,"y":2.565397,"z":0.1204126,"quality":55},"superFrameNumber":1330}
UWB,1669367865558,{"position":{"x":-0.25008354,"y":2.5641026,"z":0.12608774,"quality":54},"superFrameNumber":1340}
UWB,1669367866559,{"position":{"x":-0.27409303,"y":2.5505755,"z":0.15670416,"quality":57},"superFrameNumber":1350}
UWB,1669367867559,{"position":{"x":-0.29707655,"y":2.5300639,"z":0.19824703,"quality":57},"superFrameNumber":1360}
UWB,1669367868559,{"position":{"x":-0.29862621,"y":2.5361631,"z":0.18887509,"quality":56},"superFrameNumber":1370}
UWB,1669367869559,{"position":{"x":-0.28228647,"y":2.5388002,"z":0.19257508,"quality":55},"superFrameNumber":1380}
UWB,1669367870558,{"position":{"x":-0.27685943,"y":2.5228052,"z":0.20170972,"quality":55},"superFrameNumber":1390}
UWB,1669367871559,{"position":{"x":-0.28346339,"y":2.5261147,"z":0.18779166,"quality":56},"superFrameNumber":1400}
UWB,1669367872559,{"position":{"x":-0.34343356,"y":2.5011373,"z":0.21754561,"quality":59},"superFrameNumber":1410}
UWB,1669367873559,{"position":{"x":-0.3198261,"y":2.5126221,"z":0.20414168,"quality":56},"superFrameNumber":1420}
UWB,1669367874559,{"position":{"x":-0.31046808,"y":2.5376334,"z":0.17223129,"quality":57},"superFrameNumber":1430}
UWB,1669367875558,{"position":{"x":-0.30675086,"y":2.5382798,"z":0.178318,"quality":56},"superFrameNumber":0}
UWB,1669367876559,{"position":{"x":-0.33760142,"y":2.5113709,"z":0.22559085,"quality":57},"superFrameNumber":10}
UWB,1669367877559,{"position":{"x":-0.30111635,"y":2.5261912,"z":0.20217057,"quality":55},"superFrameNumber":20}
UWB,1669367878559,{"position":{"x":-0.30626434,"y":2.5382123,"z":0.18750995,"quality":57},"superFrameNumber":30}
UWB,1669367879559,{"position":{"x":-0.32456076,"y":2.5315409,"z":0.20782527,"quality":57},"superFrameNumber":40}
UWB,1669367880560,{"position":{"x":-0.31500331,"y":2.5308797,"z":0.19023187,"quality":56},"superFrameNumber":50}
UWB,1669367881559,{"position":{"x":-0.32037848,"y":2.5046763,"z":0.22988445,"quality":56},"superFrameNumber":60}
UWB,1669367882560,{"position":{"x":-0.33082512,"y":2.4927814,"z":0.25519708,"quality":56},"superFrameNumber":70}
UWB,1669367883559,{"position":{"x":-0.26919276,"y":2.5168684,"z":0.22418448,"quality":53},"superFrameNumber":80}
UWB,1669367884559,{"position":{"x":-0.29643402,"y":2.5115194,"z":0.22437151,"quality":57},"superFrameNumber":90}
UWB,1669367885559,{"position":{"x":-0.28991097,"y":2.5260217,"z":0.20402205,"quality":56},"superFrameNumber":100}
UWB,1669367886558,{"position":{"x":-0.296133,"y":2.5131731,"z":0.20809083,"quality":56},"superFrameNumber":110}
UWB,1669367887560,{"position":{"x":-0.31026915,"y":2.5174065,"z":0.20276782,"quality":57},"superFrameNumber":120}
UWB,1669367888559,{"position":{"x":-0.32641047,"y":2.4993739,"z":0.22700138,"quality":57},"superFrameNumber":130}
UWB,1669367889559,{"position":{"x":-0.28817481,"y":2.5293071,"z":0.17609297,"quality":55},"superFrameNumber":140}
UWB,1669367890559,{"position":{"x":-0.26677933,"y":2.5494843,"z":0.1536656,"quality":55},"superFrameNumber":150}
UWB,1669367891559,{"position":{"x":-0.28594092,"y":2.5473444,"z":0.151527,"quality":57},"superFrameNumber":160}
UWB,1669367892560,{"position":{"x":-0.28242451,"y":2.5397208,"z":0.19370395,"quality":55},"superFrameNumber":170}
UWB,1669367893559,{"position":{"x":-0.31172171,"y":2.5378342,"z":0.21625142,"quality":57},"superFrameNumber":180}
UWB,1669367894559,{"position":{"x":-0.31108353,"y":2.5248222,"z":0.21922803,"quality":56},"superFrameNumber":190}
UWB,1669367895559,{"position":{"x":-0.28122789,"y":2.5335219,"z":0.19519466,"quality":55},"superFrameNumber":200}
UWB,1669367896559,{"position":{"x":-0.24261928,"y":2.5558848,"z":0.16966769,"quality":54},"superFrameNumber":210}
UWB,1669367897558,{"position":{"x":-0.27132139,"y":2.5471203,"z":0.19215733,"quality":57},"superFrameNumber":220}
UWB,1669367898560,{"position":{"x":-0.27586305,"y":2.5558572,"z":0.16802225,"quality":57},"superFrameNumber":230}
UWB,1669367899559,{"position":{"x":-0.29451546,"y":2.5339453,"z":0.19975358,"quality":56},"superFrameNumber":240}
UWB,1669367900560,{"position":{"x":-0.31984079,"y":2.5242038,"z":0.21755956,"quality":57},"superFrameNumber":250}
UWB,1669367901559,{"position":{"x":-0.311985,"y":2.528862,"z":0.20493215,"quality":56},"superFrameNumber":260}
UWB,1669367902559,{"position":{"x":-0.30260146,"y":2.5482562,"z":0.16672316,"quality":57},"superFrameNumber":270}
UWB,1669367903559,{"position":{"x":-0.31406146,"y":2.5188024,"z":0.20021318,"quality":56},"superFrameNumber":280}
UWB,1669367904560,{"position":{"x":-0.31835109,"y":2.4937112,"z":0.23576666,"quality":56},"superFrameNumber":290}
UWB,1669367905559,{"position":{"x":-0.2681357,"y":2.525548,"z":0.20630252,"quality":54},"superFrameNumber":300}
UWB,1669367906559,{"position":{"x":-0.19537124,"y":2.6177421,"z":0.086512886,"quality":70},"superFrameNumber":310}
UWB,1669367907559,{"position":{"x":-0.21299787,"y":2.5972552,"z":0.10429253,"quality":56},"superFrameNumber":320}
UWB,1669367908558,{"position":{"x":-0.17525524,"y":2.6079974,"z":0.094837792,"quality":53},"superFrameNumber":330}
UWB,1669367909559,{"position":{"x":-0.21855541,"y":2.5824025,"z":0.12031861,"quality":57},"superFrameNumber":340}
UWB,1669367910560,{"position":{"x":-0.23509601,"y":2.5649359,"z":0.14700839,"quality":56},"superFrameNumber":350}
UWB,1669367911559,{"position":{"x":-0.23933496,"y":2.56022,"z":0.1496446,"quality":56},"superFrameNumber":360}
UWB,1669367912559,{"position":{"x":-0.26341426,"y":2.5602407,"z":0.14746703,"quality":57},"superFrameNumber":370}
UWB,1669367913560,{"position":{"x":-0.27099589,"y":2.5742254,"z":0.13090356,"quality":57},"superFrameNumber":380}
UWB,1669367914559,{"position":{"x":-0.25536475,"y":2.5723536,"z":0.13096803,"quality":55},"superFrameNumber":390}
UWB,1669367915559,{"position":{"x":-0.25712547,"y":2.5434015,"z":0.18382457,"quality":55},"superFrameNumber":400}
UWB,1669367916560,{"position":{"x":-0.27937448,"y":2.5295315,"z":0.19555506,"quality":57},"superFrameNumber":410}
UWB,1669367917559,{"position":{"x":-0.30611613,"y":2.5189416,"z":0.2169164,"quality":57},"superFrameNumber":420}
UWB,1669367918559,{"position":{"x":-0.317487,"y":2.5002241,"z":0.23923138,"quality":56},"superFrameNumber":430}
UWB,1669367919559,{"position":{"x":-0.32416189,"y":2.5028396,"z":0.23702863,"quality":57},"superFrameNumber":440}
UWB,1669367920559,{"position":{"x":-0.28972703,"y":2.535224,"z":0.19725397,"quality":55},"superFrameNumber":450}
UWB,1669367921559,{"position":{"x":-0.26456133,"y":2.5486934,"z":0.16039267,"quality":55},"superFrameNumber":460}
UWB,1669367922560,{"position":{"x":-0.27153513,"y":2.555207,"z":0.16106622,"quality":56},"superFrameNumber":470}
UWB,1669367923559,{"position":{"x":-0.27112159,"y":2.5565035,"z":0.15772219,"quality":56},"superFrameNumber":480}
UWB,1669367924560,{"position":{"x":-0.25706705,"y":2.5712631,"z":0.13236512,"quality":56},"superFrameNumber":490}
UWB,1669367925559,{"position":{"x":-0.26471895,"y":2.58112,"z":0.12125385,"quality":57},"superFrameNumber":500}
UWB,1669367926559,{"position":{"x":-0.25838795,"y":2.5815437,"z":0.10695975,"quality":56},"superFrameNumber":510}
UWB,1669367927560,{"position":{"x":-0.25128537,"y":2.5903687,"z":0.11026338,"quality":56},"superFrameNumber":520}
UWB,1669367928559,{"position":{"x":-0.24953064,"y":2.5921338,"z":0.10784686,"quality":56},"superFrameNumber":530}
UWB,1669367929559,{"position":{"x":-0.27525482,"y":2.5889344,"z":0.10402236,"quality":58},"superFrameNumber":540}
UWB,1669367930559,{"position":{"x":-0.26985338,"y":2.5848942,"z":0.13049816,"quality":56},"superFrameNumber":550}
UWB,1669367931560,{"position":{"x":-0.301049,"y":2.5746415,"z":0.13725847,"quality":58},"superFrameNumber":560}
UWB,1669367932560,{"position":{"x":-0.29088035,"y":2.5692239,"z":0.12593003,"quality":56},"superFrameNumber":570}
UWB,1669367933560,{"position":{"x":-0.30152607,"y":2.5522845,"z":0.14664531,"quality":57},"superFrameNumber":580}
UWB,1669367934560,{"position":{"x":-0.277715,"y":2.5674307,"z":0.1247275,"quality":56},"superFrameNumber":590}
UWB,1669367935559,{"position":{"x":-0.24185814,"y":2.5851228,"z":0.12550643,"quality":54},"superFrameNumber":600}
UWB,1669367936560,{"position":{"x":-0.25698262,"y":2.5640926,"z":0.16001359,"quality":56},"superFrameNumber":610}
UWB,1669367937560,{"position":{"x":-0.27504784,"y":2.5428281,"z":0.18879518,"quality":56},"superFrameNumber":620}
UWB,1669367938560,{"position":{"x":-0.26538226,"y":2.5558286,"z":0.16138974,"quality":56},"superFrameNumber":630}
UWB,1669367939560,{"position":{"x":-0.2480018,"y":2.5661633,"z":0.14890105,"quality":55},"superFrameNumber":640}
UWB,1669367940560,{"position":{"x":-0.25554645,"y":2.5620544,"z":0.16504566,"quality":56},"superFrameNumber":650}
UWB,1669367941560,{"position":{"x":-0.23388702,"y":2.5695684,"z":0.14067094,"quality":55},"superFrameNumber":660}
UWB,1669367942560,{"position":{"x":-0.25442481,"y":2.5624707,"z":0.13453326,"quality":57},"superFrameNumber":670}
UWB,1669367943560,{"position":{"x":-0.26326168,"y":2.5431123,"z":0.15540922,"quality":56},"superFrameNumber":680}
UWB,1669367944560,{"position":{"x":-0.25747794,"y":2.5548985,"z":0.12805693,"quality":56},"superFrameNumber":690}
UWB,1669367945560,{"position":{"x":-0.24608585,"y":2.5399678,"z":0.14639308,"quality":55},"superFrameNumber":700}
UWB,1669367946559,{"position":{"x":-0.28233311,"y":2.5186131,"z":0.19051537,"quality":57},"superFrameNumber":710}
UWB,1669367947560,{"position":{"x":-0.32667807,"y":2.5142164,"z":0.20929441,"quality":58},"superFrameNumber":720}
UWB,1669367948560,{"position":{"x":-0.33651531,"y":2.4991221,"z":0.23469673,"quality":57},"superFrameNumber":730}
UWB,1669367949560,{"position":{"x":-0.32346311,"y":2.5006735,"z":0.24809749,"quality":55},"superFrameNumber":740}
UWB,1669367950560,{"position":{"x":-0.3192589,"y":2.5040617,"z":0.2472086,"quality":56},"superFrameNumber":750}
UWB,1669367951560,{"position":{"x":-0.31524858,"y":2.5318766,"z":0.19836731,"quality":57},"superFrameNumber":760}
UWB,1669367952561,{"position":{"x":-0.31366903,"y":2.5347421,"z":0.18698721,"quality":57},"superFrameNumber":770}
UWB,1669367953560,{"position":{"x":-0.3283737,"y":2.5267875,"z":0.197682,"quality":57},"superFrameNumber":780}
UWB,1669367954560,{"position":{"x":-0.31338477,"y":2.5227823,"z":0.20094033,"quality":56},"superFrameNumber":790}
UWB,1669367955560,{"position":{"x":-0.27520669,"y":2.5380714,"z":0.16421328,"quality":55},"superFrameNumber":800}
UWB,1669367956560,{"position":{"x":-0.300481,"y":2.5280313,"z":0.18894623,"quality":57},"superFrameNumber":810}
UWB,1669367957559,{"position":{"x":-0.27516931,"y":2.5427837,"z":0.1631279,"quality":55},"superFrameNumber":820}
UWB,1669367958560,{"position":{"x":-0.23904446,"y":2.563112,"z":0.13538282,"quality":55},"superFrameNumber":830}
UWB,1669367959560,{"position":{"x":-0.26844966,"y":2.5452652,"z":0.14987923,"quality":57},"superFrameNumber":840}
UWB,1669367960560,{"position":{"x":-0.26074681,"y":2.5254879,"z":0.17005385,"quality":55},"superFrameNumber":850}
UWB,1669367961560,{"position":{"x":-0.2408426,"y":2.5490413,"z":0.14127737,"quality":55},"superFrameNumber":860}
UWB,1669367962560,{"position":{"x":-0.26345819,"y":2.5659504,"z":0.12344826,"quality":57},"superFrameNumber":870}
UWB,1669367963559,{"position":{"x":-0.24231827,"y":2.5406082,"z":0.17445932,"quality":53},"superFrameNumber":880}
UWB,1669367964560,{"position":{"x":-0.23123968,"y":2.5603213,"z":0.14510497,"quality":56},"superFrameNumber":890}
UWB,1669367965560,{"position":{"x":-0.2844823,"y":2.5376151,"z":0.18635537,"quality":58},"superFrameNumber":900}
UWB,1669367966560,{"position":{"x":-0.29324076,"y":2.5532618,"z":0.15647466,"quality":57},"superFrameNumber":910}
UWB,1669367967560,{"position":{"x":-0.28661847,"y":2.5386419,"z":0.17585643,"quality":55},"superFrameNumber":920}
UWB,1669367968559,{"position":{"x":-0.27926275,"y":2.5501032,"z":0.18233709,"quality":56},"superFrameNumber":930}
UWB,1669367969560,{"position":{"x":-0.28203058,"y":2.5509725,"z":0.16863008,"quality":56},"superFrameNumber":940}
UWB,1669367970560,{"position":{"x":-0.30843115,"y":2.5449865,"z":0.19882701,"quality":57},"superFrameNumber":950}
UWB,1669367971560,{"position":{"x":-0.32790866,"y":2.52501,"z":0.21490878,"quality":57},"superFrameNumber":960}
UWB,1669367972560,{"position":{"x":-0.30601662,"y":2.5344639,"z":0.20651877,"quality":55},"superFrameNumber":970}
UWB,1669367973560,{"position":{"x":-0.30631799,"y":2.5252228,"z":0.20963307,"quality":56},"superFrameNumber":980}
UWB,1669367974559,{"position":{"x":-0.33073837,"y":2.5086753,"z":0.219698,"quality":57},"superFrameNumber":990}
UWB,1669367975560,{"position":{"x":-0.33814198,"y":2.5092151,"z":0.21254829,"quality":57},"superFrameNumber":1000}
UWB,1669367976560,{"position":{"x":-0.30583814,"y":2.5316586,"z":0.17299865,"quality":56},"superFrameNumber":1010}
UWB,1669367977560,{"position":{"x":-0.28717735,"y":2.5199559,"z":0.180291,"quality":55},"superFrameNumber":1020}
UWB,1669367978560,{"position":{"x":-0.26976258,"y":2.5400884,"z":0.17059973,"quality":55},"superFrameNumber":1030}
UWB,1669367979559,{"position":{"x":-0.25762448,"y":2.5635703,"z":0.13989878,"quality":56},"superFrameNumber":1040}
UWB,1669367980560,{"position":{"x":-0.28455141,"y":2.532995,"z":0.18312678,"quality":56},"superFrameNumber":1050}
UWB,1669367981560,{"position":{"x":-0.251887,"y":2.5313275,"z":0.17079414,"quality":54},"superFrameNumber":1060}
UWB,1669367982560,{"position":{"x":-0.29275328,"y":2.51967,"z":0.19634135,"quality":58},"superFrameNumber":1070}
UWB,1669367983560,{"position":{"x":-0.29151687,"y":2.5157859,"z":0.20095013,"quality":56},"superFrameNumber":1080}
UWB,1669367984560,{"position":{"x":-0.21921934,"y":2.5366089,"z":0.16616222,"quality":60},"superFrameNumber":1090}
UWB,1669367985559,{"position":{"x":-0.21356705,"y":2.5563428,"z":0.15015113,"quality":55},"superFrameNumber":1100}
UWB,1669367986560,{"position":{"x":-0.21725875,"y":2.5577161,"z":0.14364704,"quality":55},"superFrameNumber":1110}
UWB,1669367987560,{"position":{"x":-0.22043847,"y":2.5642459,"z":0.13113604,"quality":56},"superFrameNumber":1120}
UWB,1669367988560,{"position":{"x":-0.22893946,"y":2.5842609,"z":0.11969894,"quality":56},"superFrameNumber":1130}
UWB,1669367989560,{"position":{"x":-0.26135284,"y":2.5518034,"z":0.16265997,"quality":56},"superFrameNumber":1140}
UWB,1669367990559,{"position":{"x":-0.25736797,"y":2.5646148,"z":0.13923943,"quality":56},"superFrameNumber":1150}
UWB,1669367991560,{"position":{"x":-0.24723674,"y":2.5747726,"z":0.12406766,"quality":56},"superFrameNumber":1160}
UWB,1669367992560,{"position":{"x":-0.26742321,"y":2.5458462,"z":0.15019052,"quality":56},"superFrameNumber":1170}
UWB,1669367993560,{"position":{"x":-0.24956004,"y":2.5442622,"z":0.14861187,"quality":55},"superFrameNumber":1180}
UWB,1669367994560,{"position":{"x":-0.26275906,"y":2.53253,"z":0.17659737,"quality":56},"superFrameNumber":1190}
UWB,1669367995559,{"position":{"x":-0.2609399,"y":2.5527391,"z":0.13856085,"quality":57},"superFrameNumber":1200}
UWB,1669367996560,{"position":{"x":-0.28349587,"y":2.541621,"z":0.16901407,"quality":57},"superFrameNumber":1210}
UWB,1669367997560,{"position":{"x":-0.28638241,"y":2.548295,"z":0.16786449,"quality":56},"superFrameNumber":1220}
UWB,1669367998560,{"position":{"x":-0.29433054,"y":2.5443592,"z":0.17450781,"quality":56},"superFrameNumber":1230}
UWB,1669367999560,{"position":{"x":-0.32646459,"y":2.5265138,"z":0.20176235,"quality":58},"superFrameNumber":1240}
UWB,1669368000560,{"position":{"x":-0.30544952,"y":2.545882,"z":0.17014834,"quality":56},"superFrameNumber":1250}
UWB,1669368001560,{"position":{"x":-0.2999042,"y":2.5529165,"z":0.17241456,"quality":56},"superFrameNumber":1260}
UWB,1669368002560,{"position":{"x":-0.30095828,"y":2.540247,"z":0.18638454,"quality":56},"superFrameNumber":1270}
UWB,1669368003560,{"position":{"x":-0.31667739,"y":2.5527434,"z":0.16564077,"quality":58},"superFrameNumber":1280}
UWB,1669368004560,{"position":{"x":-0.28543383,"y":2.5748928,"z":0.14874965,"quality":55},"superFrameNumber":1290}
UWB,1669368005560,{"position":{"x":-0.29477909,"y":2.5419087,"z":0.18951695,"quality":56},"superFrameNumber":1300}
UWB,1669368006559,{"position":{"x":-0.27717116,"y":2.5588346,"z":0.1705029,"quality":56},"superFrameNumber":1310}
UWB,1669368007560,{"position":{"x":-0.27148896,"y":2.5856686,"z":0.15370062,"quality":56},"superFrameNumber":1320}
UWB,1669368008560,{"position":{"x":-0.28076127,"y":2.5658059,"z":0.17945075,"quality":56},"superFrameNumber":1330}
UWB,1669368009560,{"position":{"x":-0.26553109,"y":2.5735908,"z":0.15117292,"quality":56},"superFrameNumber":1340}
UWB,1669368010560,{"position":{"x":-0.26501587,"y":2.59151,"z":0.1307143,"quality":57},"superFrameNumber":1350}
UWB,1669368011560,{"position":{"x":-0.27503678,"y":2.6013031,"z":0.12175217,"quality":57},"superFrameNumber":1360}
UWB,1669368012559,{"position":{"x":-0.30172437,"y":2.5636656,"z":0.18613915,"quality":57},"superFrameNumber":1370}
UWB,1669368013560,{"position":{"x":-0.30048671,"y":2.5783989,"z":0.15980907,"quality":57},"superFrameNumber":1380}
UWB,1669368014560,{"position":{"x":-0.29599848,"y":2.5797987,"z":0.15294835,"quality":56},"superFrameNumber":1390}
UWB,1669368015560,{"position":{"x":-0.28069925,"y":2.5752666,"z":0.13992473,"quality":56},"superFrameNumber":1400}
UWB,1669368016560,{"position":{"x":-0.28275204,"y":2.5639081,"z":0.14110991,"quality":56},"superFrameNumber":1410}
UWB,1669368017559,{"position":{"x":-0.2895017,"y":2.5438623,"z":0.15945788,"quality":56},"superFrameNumber":1420}
UWB,1669368018560,{"position":{"x":-0.31920034,"y":2.5104759,"z":0.20302181,"quality":57},"superFrameNumber":1430}
UWB,1669368019560,{"position":{"x":-0.33154452,"y":2.5117064,"z":0.2028808,"quality":57},"superFrameNumber":0}
UWB,1669368020560,{"position":{"x":-0.33786213,"y":2.5135722,"z":0.21976624,"quality":57},"superFrameNumber":10}
UWB,1669368021560,{"position":{"x":-0.27736562,"y":2.5275872,"z":0.18047644,"quality":54},"superFrameNumber":20}
UWB,1669368022560,{"position":{"x":-0.25282544,"y":2.5333881,"z":0.17299438,"quality":54},"superFrameNumber":30}
UWB,1669368023560,{"position":{"x":-0.26939729,"y":2.5403676,"z":0.14179891,"quality":57},"superFrameNumber":40}
UWB,1669368024560,{"position":{"x":-0.30547249,"y":2.5179129,"z":0.18749541,"quality":57},"superFrameNumber":50}
UWB,1669368025560,{"position":{"x":-0.31685495,"y":2.5242615,"z":0.19908009,"quality":57},"superFrameNumber":60}
UWB,1669368026560,{"position":{"x":-0.30087364,"y":2.5441327,"z":0.17455055,"quality":56},"superFrameNumber":70}
UWB,1669368027560,{"position":{"x":-0.25495329,"y":2.5464861,"z":0.16750379,"quality":54},"superFrameNumber":80}
UWB,1669368028559,{"position":{"x":-0.23286687,"y":2.5581436,"z":0.13813174,"quality":55},"superFrameNumber":90}
UWB,1669368029560,{"position":{"x":-0.26025066,"y":2.5529621,"z":0.14519425,"quality":57},"superFrameNumber":100}
UWB,1669368030560,{"position":{"x":-0.263583,"y":2.5438426,"z":0.1493163,"quality":56},"superFrameNumber":110}
UWB,1669368031560,{"position":{"x":-0.28135332,"y":2.5516512,"z":0.15625186,"quality":57},"superFrameNumber":120}
UWB,1669368032560,{"position":{"x":-0.29723886,"y":2.5585976,"z":0.15213846,"quality":57},"superFrameNumber":130}
UWB,1669368033560,{"position":{"x":-0.30099642,"y":2.5254908,"z":0.18516132,"quality":56},"superFrameNumber":140}
UWB,1669368034559,{"position":{"x":-0.35520017,"y":2.499902,"z":0.23615818,"quality":59},"superFrameNumber":150}
UWB,1669368035560,{"position":{"x":-0.36030591,"y":2.4967029,"z":0.23003283,"quality":57},"superFrameNumber":160}
UWB,1669368036560,{"position":{"x":-0.3292903,"y":2.4988346,"z":0.23036359,"quality":55},"superFrameNumber":170}
UWB,1669368037560,{"position":{"x":-0.3160772,"y":2.516938,"z":0.20608057,"quality":56},"superFrameNumber":180}
UWB,1669368038560,{"position":{"x":-0.32728562,"y":2.5176821,"z":0.20113933,"quality":57},"superFrameNumber":190}
UWB,1669368039559,{"position":{"x":-0.34976143,"y":2.5000637,"z":0.21625073,"quality":58},"superFrameNumber":200}
UWB,1669368040560,{"position":{"x":-0.34951529,"y":2.4762685,"z":0.24290459,"quality":56},"superFrameNumber":210}
UWB,1669368041560,{"position":{"x":-0.29285252,"y":2.5121067,"z":0.19608733,"quality":54},"superFrameNumber":220}
UWB,1669368042560,{"position":{"x":-0.26944795,"y":2.5299194,"z":0.16775198,"quality":55},"superFrameNumber":230}
UWB,1669368043560,{"position":{"x":-0.25273418,"y":2.540731,"z":0.14009987,"quality":55},"superFrameNumber":240}
UWB,1669368044560,{"position":{"x":-0.26779297,"y":2.5475442,"z":0.14081822,"quality":57},"superFrameNumber":250}
UWB,1669368045559,{"position":{"x":-0.27178192,"y":2.5491054,"z":0.14330748,"quality":56},"superFrameNumber":260}
UWB,1669368046561,{"position":{"x":-0.30145502,"y":2.5620198,"z":0.14900392,"quality":58},"superFrameNumber":270}
UWB,1669368047560,{"position":{"x":-0.26227814,"y":2.5645642,"z":0.13896924,"quality":54},"superFrameNumber":280}
UWB,1669368048560,{"position":{"x":-0.26535192,"y":2.554271,"z":0.15666942,"quality":56},"superFrameNumber":290}
UWB,1669368049560,{"position":{"x":-0.31520754,"y":2.5318303,"z":0.20447639,"quality":58},"superFrameNumber":300}
UWB,1669368050559,{"position":{"x":-0.25451487,"y":2.5533376,"z":0.17195085,"quality":53},"superFrameNumber":310}
UWB,1669368051561,{"position":{"x":-0.22399873,"y":2.5567462,"z":0.16380815,"quality":54},"superFrameNumber":320}
UWB,1669368052560,{"position":{"x":-0.2257783,"y":2.5639884,"z":0.13763371,"quality":56},"superFrameNumber":330}
UWB,1669368053560,{"position":{"x":-0.24366921,"y":2.5691676,"z":0.13253434,"quality":57},"superFrameNumber":340}
UWB,1669368054560,{"position":{"x":-0.25505212,"y":2.5340469,"z":0.17293218,"quality":55},"superFrameNumber":350}
UWB,1669368055559,{"position":{"x":-0.265816,"y":2.5423687,"z":0.1692162,"quality":56},"superFrameNumber":360}
UWB,1669368056560,{"position":{"x":-0.2640149,"y":2.5560648,"z":0.17083658,"quality":56},"superFrameNumber":370}
UWB,1669368057561,{"position":{"x":-0.32231745,"y":2.5528982,"z":0.2040083,"quality":59},"superFrameNumber":380}
UWB,1669368058560,{"position":{"x":-0.31664264,"y":2.5373914,"z":0.20154876,"quality":56},"superFrameNumber":390}
UWB,1669368059560,{"position":{"x":-0.32733864,"y":2.5308692,"z":0.1883885,"quality":57},"superFrameNumber":400}
UWB,1669368060560,{"position":{"x":-0.29772669,"y":2.5412052,"z":0.17216948,"quality":55},"superFrameNumber":410}
UWB,1669368061560,{"position":{"x":-0.28847709,"y":2.5439901,"z":0.16860762,"quality":56},"superFrameNumber":420}
UWB,1669368062561,{"position":{"x":-0.2964659,"y":2.5376656,"z":0.19066699,"quality":56},"superFrameNumber":430}
UWB,1669368063560,{"position":{"x":-0.29903722,"y":2.5249243,"z":0.21228358,"quality":56},"superFrameNumber":440}
UWB,1669368064560,{"position":{"x":-0.25543961,"y":2.5429947,"z":0.18105702,"quality":54},"superFrameNumber":450}
UWB,1669368065560,{"position":{"x":-0.28376588,"y":2.533746,"z":0.19824621,"quality":57},"superFrameNumber":460}
UWB,1669368066559,{"position":{"x":-0.2844936,"y":2.5364883,"z":0.21671888,"quality":56},"superFrameNumber":470}
UWB,1669368067561,{"position":{"x":-0.27302673,"y":2.55541,"z":0.19044329,"quality":56},"superFrameNumber":480}
UWB,1669368068560,{"position":{"x":-0.27322948,"y":2.5628181,"z":0.17729138,"quality":56},"superFrameNumber":490}
UWB,1669368069560,{"position":{"x":-0.26985586,"y":2.5808606,"z":0.15567595,"quality":56},"superFrameNumber":500}
UWB,1669368070560,{"position":{"x":-0.24742329,"y":2.5937192,"z":0.14208125,"quality":55},"superFrameNumber":510}
UWB,1669368071560,{"position":{"x":-0.24277586,"y":2.6084952,"z":0.13018815,"quality":56},"superFrameNumber":520}
UWB,1669368072560,{"position":{"x":-0.22664994,"y":2.5965385,"z":0.12364817,"quality":55},"superFrameNumber":530}
UWB,1669368073561,{"position":{"x":-0.21386535,"y":2.5949731,"z":0.10047266,"quality":55},"superFrameNumber":540}
UWB,1669368074560,{"position":{"x":-0.24324487,"y":2.5922847,"z":0.10607628,"quality":57},"superFrameNumber":550}
UWB,1669368075560,{"position":{"x":-0.23573664,"y":2.581311,"z":0.11489768,"quality":55},"superFrameNumber":560}
UWB,1669368076560,{"position":{"x":-0.2454458,"y":2.5594609,"z":0.13272679,"quality":56},"superFrameNumber":570}
UWB,1669368077559,{"position":{"x":-0.27533108,"y":2.5441141,"z":0.16478619,"quality":57},"superFrameNumber":580}
UWB,1669368078561,{"position":{"x":-0.28192714,"y":2.5261009,"z":0.20035364,"quality":56},"superFrameNumber":590}
UWB,1669368079560,{"position":{"x":-0.28980166,"y":2.5165744,"z":0.20036793,"quality":56},"superFrameNumber":600}
UWB,1669368080560,{"position":{"x":-0.29308942,"y":2.5121706,"z":0.21272208,"quality":56},"superFrameNumber":610}
UWB,1669368081560,{"position":{"x":-0.27203977,"y":2.5253417,"z":0.18895106,"quality":55},"superFrameNumber":620}
UWB,1669368082560,{"position":{"x":-0.24980614,"y":2.5417566,"z":0.15734409,"quality":55},"superFrameNumber":630}
UWB,1669368083559,{"position":{"x":-0.29809034,"y":2.5469515,"z":0.16526683,"quality":59},"superFrameNumber":640}
UWB,1669368084561,{"position":{"x":-0.31768176,"y":2.5565655,"z":0.16010745,"quality":58},"superFrameNumber":650}
UWB,1669368085560,{"position":{"x":-0.32744873,"y":2.5571716,"z":0.14846458,"quality":57},"superFrameNumber":660}
UWB,1669368086560,{"position":{"x":-0.30016848,"y":2.5652556,"z":0.1384733,"quality":55},"superFrameNumber":670}
UWB,1669368087560,{"position":{"x":-0.34148225,"y":2.5491781,"z":0.17058156,"quality":58},"superFrameNumber":680}
UWB,1669368088559,{"position":{"x":-0.32769442,"y":2.5450315,"z":0.16303004,"quality":56},"superFrameNumber":690}
UWB,1669368089561,{"position":{"x":-0.28956804,"y":2.5614042,"z":0.1369991,"quality":55},"superFrameNumber":700}
UWB,1669368090560,{"position":{"x":-0.32302147,"y":2.5158422,"z":0.20810524,"quality":57},"superFrameNumber":710}
UWB,1669368091560,{"position":{"x":-0.29383874,"y":2.5306304,"z":0.18590869,"quality":55},"superFrameNumber":720}
UWB,1669368092560,{"position":{"x":-0.27309114,"y":2.549753,"z":0.16225302,"quality":55},"superFrameNumber":730}
UWB,1669368093560,{"position":{"x":-0.28415793,"y":2.5372119,"z":0.19716616,"quality":56},"superFrameNumber":740}
UWB,1669368094559,{"position":{"x":-0.27522415,"y":2.5662575,"z":0.173893,"quality":56},"superFrameNumber":750}
UWB,1669368095560,{"position":{"x":-0.27811873,"y":2.5411842,"z":0.19613966,"quality":55},"superFrameNumber":760}
UWB,1669368096560,{"position":{"x":-0.29948103,"y":2.5472534,"z":0.187748,"quality":57},"superFrameNumber":770}
UWB,1669368097560,{"position":{"x":-0.31511074,"y":2.5532186,"z":0.19170626,"quality":57},"superFrameNumber":780}
UWB,1669368098560,{"position":{"x":-0.30791581,"y":2.5517502,"z":0.18180886,"quality":56},"superFrameNumber":790}
UWB,1669368099559,{"position":{"x":-0.2991654,"y":2.5708611,"z":0.16583286,"quality":56},"superFrameNumber":800}
UWB,1669368100561,{"position":{"x":-0.33610997,"y":2.55917,"z":0.1732695,"quality":58},"superFrameNumber":810}
UWB,1669368101560,{"position":{"x":-0.32943743,"y":2.5519583,"z":0.16258003,"quality":57},"superFrameNumber":820}
UWB,1669368102562,{"position":{"x":-0.33858484,"y":2.5246661,"z":0.19742925,"quality":57},"superFrameNumber":830}
UWB,1669368103560,{"position":{"x":-0.35952458,"y":2.5126963,"z":0.2089974,"quality":58},"superFrameNumber":840}
UWB,1669368104561,{"position":{"x":-0.33905041,"y":2.5243843,"z":0.19835709,"quality":56},"superFrameNumber":850}
UWB,1669368105559,{"position":{"x":-0.32600379,"y":2.5486805,"z":0.17899968,"quality":57},"superFrameNumber":860}
UWB,1669368106561,{"position":{"x":-0.28187147,"y":2.5612233,"z":0.1503545,"quality":55},"superFrameNumber":870}
UWB,1669368107560,{"position":{"x":-0.31535855,"y":2.541146,"z":0.1910131,"quality":57},"superFrameNumber":880}
UWB,1669368108560,{"position":{"x":-0.33252305,"y":2.503392,"z":0.23789103,"quality":56},"superFrameNumber":890}
UWB,1669368109560,{"position":{"x":-0.35197023,"y":2.5033066,"z":0.23328407,"quality":58},"superFrameNumber":900}
UWB,1669368110560,{"position":{"x":-0.3154622,"y":2.5366356,"z":0.1974996,"quality":56},"superFrameNumber":910}
UWB,1669368111561,{"position":{"x":-0.2769269,"y":2.5576925,"z":0.16295879,"quality":55},"superFrameNumber":920}
UWB,1669368112560,{"position":{"x":-0.23644045,"y":2.5545979,"z":0.15824823,"quality":53},"superFrameNumber":930}
UWB,1669368113560,{"position":{"x":-0.23859034,"y":2.5689955,"z":0.14076957,"quality":56},"superFrameNumber":940}
UWB,1669368114560,{"position":{"x":-0.2505255,"y":2.5690916,"z":0.14804333,"quality":56},"superFrameNumber":950}
UWB,1669368115559,{"position":{"x":-0.25490329,"y":2.5802581,"z":0.13130596,"quality":56},"superFrameNumber":960}
UWB,1669368116561,{"position":{"x":-0.219506,"y":2.5912397,"z":0.11707057,"quality":54},"superFrameNumber":970}
UWB,1669368117560,{"position":{"x":-0.22574879,"y":2.5616112,"z":0.12448208,"quality":55},"superFrameNumber":980}
UWB,1669368118560,{"position":{"x":-0.2269979,"y":2.5708561,"z":0.11369263,"quality":56},"superFrameNumber":990}
UWB,1669368119560,{"position":{"x":-0.24247602,"y":2.5606003,"z":0.12143583,"quality":56},"superFrameNumber":1000}
UWB,1669368120560,{"position":{"x":-0.24258687,"y":2.5530679,"z":0.14821239,"quality":55},"superFrameNumber":1010}
UWB,1669368121561,{"position":{"x":-0.24062221,"y":2.5500233,"z":0.15185642,"quality":55},"superFrameNumber":1020}
UWB,1669368122560,{"position":{"x":-0.27863103,"y":2.5374455,"z":0.18396759,"quality":57},"superFrameNumber":1030}
UWB,1669368123560,{"position":{"x":-0.29572597,"y":2.5513716,"z":0.1803935,"quality":57},"superFrameNumber":1040}
UWB,1669368124560,{"position":{"x":-0.27732095,"y":2.5523491,"z":0.14828204,"quality":56},"superFrameNumber":1050}
UWB,1669368125560,{"position":{"x":-0.27535915,"y":2.5600796,"z":0.13604012,"quality":56},"superFrameNumber":1060}
UWB,1669368126559,{"position":{"x":-0.30478349,"y":2.5327077,"z":0.19743685,"quality":57},"superFrameNumber":1070}
UWB,1669368127561,{"position":{"x":-0.28937018,"y":2.5505528,"z":0.16091685,"quality":56},"superFrameNumber":1080}
UWB,1669368128560,{"position":{"x":-0.30609563,"y":2.5568147,"z":0.1554046,"quality":57},"superFrameNumber":1090}
UWB,1669368129560,{"position":{"x":-0.28545895,"y":2.5589912,"z":0.14210795,"quality":55},"superFrameNumber":1100}
UWB,1669368130560,{"position":{"x":-0.27277628,"y":2.5563035,"z":0.14875253,"quality":55},"superFrameNumber":1110}
UWB,1669368131560,{"position":{"x":-0.30058175,"y":2.5246062,"z":0.19295369,"quality":57},"superFrameNumber":1120}
UWB,1669368132561,{"position":{"x":-0.29806697,"y":2.5100672,"z":0.20614921,"quality":56},"superFrameNumber":1130}
UWB,1669368133560,{"position":{"x":-0.27577293,"y":2.5320165,"z":0.19066516,"quality":55},"superFrameNumber":1140}
UWB,1669368134560,{"position":{"x":-0.28907824,"y":2.5317657,"z":0.17815275,"quality":57},"superFrameNumber":1150}
UWB,1669368135560,{"position":{"x":-0.32838246,"y":2.5201457,"z":0.20525762,"quality":58},"superFrameNumber":1160}
UWB,1669368136560,{"position":{"x":-0.32891071,"y":2.5405679,"z":0.17449398,"quality":57},"superFrameNumber":1170}
UWB,1669368137560,{"position":{"x":-0.31673405,"y":2.5519123,"z":0.17951398,"quality":56},"superFrameNumber":1180}
UWB,1669368138561,{"position":{"x":-0.32515717,"y":2.5392401,"z":0.1875973,"quality":57},"superFrameNumber":1190}
UWB,1669368139560,{"position":{"x":-0.31441444,"y":2.5258715,"z":0.19048944,"quality":56},"superFrameNumber":1200}
UWB,1669368140560,{"position":{"x":-0.29550159,"y":2.5200369,"z":0.20178048,"quality":55},"superFrameNumber":1210}
UWB,1669368141560,{"position":{"x":-0.3160345,"y":2.4979753,"z":0.23590384,"quality":57},"superFrameNumber":1220}
UWB,1669368142560,{"position":{"x":-0.31066474,"y":2.5151162,"z":0.22069679,"quality":56},"superFrameNumber":1230}
UWB,1669368143560,{"position":{"x":-0.30010182,"y":2.5420883,"z":0.18463658,"quality":57},"superFrameNumber":1240}
UWB,1669368144561,{"position":{"x":-0.30473021,"y":2.5304356,"z":0.2070435,"quality":56},"superFrameNumber":1250}
UWB,1669368145560,{"position":{"x":-0.29624587,"y":2.5516291,"z":0.19730072,"quality":56},"superFrameNumber":1260}
UWB,1669368146561,{"position":{"x":-0.30209172,"y":2.5407298,"z":0.19932447,"quality":56},"superFrameNumber":1270}
UWB,1669368147561,{"position":{"x":-0.29915231,"y":2.5522089,"z":0.18801722,"quality":56},"superFrameNumber":1280}
UWB,1669368148560,{"position":{"x":-0.23952074,"y":2.5717845,"z":0.1596088,"quality":53},"superFrameNumber":1290}
UWB,1669368149561,{"position":{"x":-0.2577635,"y":2.5749667,"z":0.16182172,"quality":57},"superFrameNumber":1300}
UWB,1669368150561,{"position":{"x":-0.26351911,"y":2.5760815,"z":0.14589265,"quality":56},"superFrameNumber":1310}
UWB,1669368151561,{"position":{"x":-0.25620377,"y":2.5658698,"z":0.16870688,"quality":55},"superFrameNumber":1320}
UWB,1669368152561,{"position":{"x":-0.30915084,"y":2.5420866,"z":0.21343829,"quality":58},"superFrameNumber":1330}
UWB,1669368153561,{"position":{"x":-0.34092459,"y":2.5351593,"z":0.23094562,"quality":58},"superFrameNumber":1340}
UWB,1669368154560,{"position":{"x":-0.31905147,"y":2.5392115,"z":0.20464005,"quality":56},"superFrameNumber":1350}
UWB,1669368155561,{"position":{"x":-0.32938632,"y":2.5142038,"z":0.22796115,"quality":56},"superFrameNumber":1360}
UWB,1669368156561,{"position":{"x":-0.31919748,"y":2.5302517,"z":0.20015983,"quality":56},"superFrameNumber":1370}
UWB,1669368157561,{"position":{"x":-0.30534288,"y":2.5309174,"z":0.18434112,"quality":56},"superFrameNumber":1380}
UWB,1669368158561,{"position":{"x":-0.27927753,"y":2.5488293,"z":0.17042258,"quality":55},"superFrameNumber":1390}
UWB,1669368159560,{"position":{"x":-0.30635536,"y":2.5572646,"z":0.14723523,"quality":58},"superFrameNumber":1400}
UWB,1669368160561,{"position":{"x":-0.31583598,"y":2.5377948,"z":0.17543688,"quality":56},"superFrameNumber":1410}
UWB,1669368161561,{"position":{"x":-0.31948715,"y":2.5170543,"z":0.20315476,"quality":56},"superFrameNumber":1420}
UWB,1669368162561,{"position":{"x":-0.31021386,"y":2.5400381,"z":0.17075539,"quality":57},"superFrameNumber":1430}
UWB,1669368163561,{"position":{"x":-0.28649473,"y":2.5501561,"z":0.17452727,"quality":55},"superFrameNumber":0}
UWB,1669368164561,{"position":{"x":-0.30085206,"y":2.5528986,"z":0.16819981,"quality":57},"superFrameNumber":10}
UWB,1669368165560,{"position":{"x":-0.25959283,"y":2.5757484,"z":0.1549785,"quality":54},"superFrameNumber":20}
UWB,1669368166561,{"position":{"x":-0.27242407,"y":2.5385287,"z":0.19343191,"quality":56},"superFrameNumber":30}
UWB,1669368167561,{"position":{"x":-0.3229827,"y":2.5531235,"z":0.17963077,"quality":59},"superFrameNumber":40}
UWB,1669368168561,{"position":{"x":-0.28789732,"y":2.5518098,"z":0.1673702,"quality":55},"superFrameNumber":50}
UWB,1669368169561,{"position":{"x":-0.2530748,"y":2.5735984,"z":0.13001476,"quality":55},"superFrameNumber":60}
UWB,1669368170560,{"position":{"x":-0.2990309,"y":2.5536976,"z":0.16118185,"quality":58},"superFrameNumber":70}
UWB,1669368171561,{"position":{"x":-0.29995084,"y":2.5432627,"z":0.17225476,"quality":56},"superFrameNumber":80}
UWB,1669368172561,{"position":{"x":-0.28274238,"y":2.552027,"z":0.14251421,"quality":56},"superFrameNumber":90}
UWB,1669368173561,{"position":{"x":-0.27181068,"y":2.5638638,"z":0.12919644,"quality":56},"superFrameNumber":100}
UWB,1669368174561,{"position":{"x":-0.30327553,"y":2.53172,"z":0.15736748,"quality":57},"superFrameNumber":110}
UWB,1669368175560,{"position":{"x":-0.29879361,"y":2.5329113,"z":0.15990075,"quality":56},"superFrameNumber":120}
UWB,1669368176561,{"position":{"x":-0.3299132,"y":2.5151656,"z":0.1993209,"quality":57},"superFrameNumber":130}
UWB,1669368177561,{"position":{"x":-0.34653282,"y":2.5238657,"z":0.21163261,"quality":58},"superFrameNumber":140}
UWB,1669368178561,{"position":{"x":-0.31382778,"y":2.5308292,"z":0.17677099,"quality":55},"superFrameNumber":150}
UWB,1669368179561,{"position":{"x":-0.32457456,"y":2.519655,"z":0.1934725,"quality":57},"superFrameNumber":160}
UWB,1669368180561,{"position":{"x":-0.32374784,"y":2.5244617,"z":0.19361065,"quality":57},"superFrameNumber":170}
UWB,1669368181561,{"position":{"x":-0.298595,"y":2.5416195,"z":0.17929758,"quality":55},"superFrameNumber":180}
UWB,1669368182561,{"position":{"x":-0.28848347,"y":2.5403869,"z":0.16921428,"quality":56},"superFrameNumber":190}
UWB,1669368183561,{"position":{"x":-0.30211332,"y":2.5316668,"z":0.20331225,"quality":56},"superFrameNumber":200}
UWB,1669368184561,{"position":{"x":-0.30754015,"y":2.5411749,"z":0.19210482,"quality":57},"superFrameNumber":210}
UWB,1669368185561,{"position":{"x":-0.30337971,"y":2.53073,"z":0.19544448,"quality":56},"superFrameNumber":220}
UWB,1669368186560,{"position":{"x":-0.35059264,"y":2.5093136,"z":0.25589705,"quality":58},"superFrameNumber":230}
UWB,1669368187561,{"position":{"x":-0.34362721,"y":2.5078096,"z":0.24095282,"quality":56},"superFrameNumber":240}
UWB,1669368188561,{"position":{"x":-0.32073337,"y":2.5099926,"z":0.21424842,"quality":56},"superFrameNumber":250}
UWB,1669368189561,{"position":{"x":-0.31395853,"y":2.4993579,"z":0.23461746,"quality":55},"superFrameNumber":260}
UWB,1669368190561,{"position":{"x":-0.33221677,"y":2.4948742,"z":0.24202324,"quality":57},"superFrameNumber":270}
UWB,1669368191561,{"position":{"x":-0.30959475,"y":2.505827,"z":0.21299186,"quality":56},"superFrameNumber":280}
UWB,1669368192560,{"position":{"x":-0.28152716,"y":2.5351164,"z":0.18073642,"quality":55},"superFrameNumber":290}
UWB,1669368193561,{"position":{"x":-0.32894778,"y":2.5159941,"z":0.21862103,"quality":58},"superFrameNumber":300}
UWB,1669368194561,{"position":{"x":-0.27833921,"y":2.53519,"z":0.19498117,"quality":54},"superFrameNumber":310}
UWB,1669368195561,{"position":{"x":-0.27905416,"y":2.5279899,"z":0.21992442,"quality":55},"superFrameNumber":320}
UWB,1669368196561,{"position":{"x":-0.29095572,"y":2.5177865,"z":0.22003534,"quality":56},"superFrameNumber":330}
UWB,1669368197560,{"position":{"x":-0.26407596,"y":2.5201197,"z":0.20713787,"quality":54},"superFrameNumber":340}
UWB,1669368198561,{"position":{"x":-0.29451191,"y":2.5309279,"z":0.19973376,"quality":58},"superFrameNumber":350}
UWB,1669368199561,{"position":{"x":-0.31394979,"y":2.5308967,"z":0.19912757,"quality":57},"superFrameNumber":360}
UWB,1669368200561,{"position":{"x":-0.33941731,"y":2.5147285,"z":0.22459459,"quality":57},"superFrameNumber":370}
UWB,1669368201561,{"position":{"x":-0.31693926,"y":2.529402,"z":0.19203162,"quality":56},"superFrameNumber":380}
UWB,1669368202561,{"position":{"x":-0.32962462,"y":2.537066,"z":0.19294013,"quality":57},"superFrameNumber":390}
UWB,1669368203560,{"position":{"x":-0.31573823,"y":2.547466,"z":0.1552535,"quality":57},"superFrameNumber":400}
UWB,1669368204561,{"position":{"x":-0.33766866,"y":2.5472219,"z":0.15528072,"quality":58},"superFrameNumber":410}
UWB,1669368205561,{"position":{"x":-0.31920069,"y":2.5302711,"z":0.18693684,"quality":55},"superFrameNumber":420}
UWB,1669368206561,{"position":{"x":-0.34926188,"y":2.4948502,"z":0.25153455,"quality":57},"superFrameNumber":430}
UWB,1669368207561,{"position":{"x":-0.34804985,"y":2.5201197,"z":0.22998232,"quality":57},"superFrameNumber":440}
UWB,1669368208560,{"position":{"x":-0.32663155,"y":2.5380266,"z":0.18814896,"quality":56},"superFrameNumber":450}
UWB,1669368209561,{"position":{"x":-0.30256513,"y":2.5490191,"z":0.16114606,"quality":56},"superFrameNumber":460}
UWB,1669368210561,{"position":{"x":-0.31299332,"y":2.5343685,"z":0.18810034,"quality":56},"superFrameNumber":470}
UWB,1669368211561,{"position":{"x":-0.3041127,"y":2.5116382,"z":0.20643619,"quality":55},"superFrameNumber":480}
UWB,1669368212561,{"position":{"x":-0.2972655,"y":2.5341554,"z":0.17153227,"quality":57},"superFrameNumber":490}
UWB,1669368213561,{"position":{"x":-0.31112307,"y":2.5369432,"z":0.16169329,"quality":57},"superFrameNumber":500}
UWB,1669368214560,{"position":{"x":-0.32045269,"y":2.5093937,"z":0.19570222,"quality":56},"superFrameNumber":510}
UWB,1669368215561,{"position":{"x":-0.31498536,"y":2.5252442,"z":0.18437502,"quality":56},"superFrameNumber":520}
UWB,1669368216561,{"position":{"x":-0.32092226,"y":2.5309951,"z":0.16974007,"quality":57},"superFrameNumber":530}
UWB,1669368217561,{"position":{"x":-0.33545482,"y":2.5327117,"z":0.17229943,"quality":58},"superFrameNumber":540}
UWB,1669368218561,{"position":{"x":-0.32741785,"y":2.5027294,"z":0.2335556,"quality":55},"superFrameNumber":550}
UWB,1669368219560,{"position":{"x":-0.33648595,"y":2.5039806,"z":0.23466124,"quality":57},"superFrameNumber":560}
UWB,1669368220561,{"position":{"x":-0.30103585,"y":2.5344377,"z":0.19595109,"quality":55},"superFrameNumber":570}
UWB,1669368221561,{"position":{"x":-0.32504952,"y":2.5281446,"z":0.21155339,"quality":57},"superFrameNumber":580}
UWB,1669368222561,{"position":{"x":-0.30816007,"y":2.5324609,"z":0.23174118,"quality":55},"superFrameNumber":590}
UWB,1669368223561,{"position":{"x":-0.2993516,"y":2.5206652,"z":0.22763729,"quality":55},"superFrameNumber":600}
UWB,1669368224561,{"position":{"x":-0.28210518,"y":2.5341525,"z":0.18930291,"quality":56},"superFrameNumber":610}
UWB,1669368225560,{"position":{"x":-0.2726455,"y":2.5490532,"z":0.16639033,"quality":56},"superFrameNumber":620}
UWB,1669368226561,{"position":{"x":-0.26292232,"y":2.5584369,"z":0.14134501,"quality":56},"superFrameNumber":630}
UWB,1669368227561,{"position":{"x":-0.25863621,"y":2.5810614,"z":0.12948522,"quality":56},"superFrameNumber":640}
UWB,1669368228561,{"position":{"x":-0.27471516,"y":2.5592911,"z":0.1579534,"quality":56},"superFrameNumber":650}
UWB,1669368229561,{"position":{"x":-0.28959349,"y":2.5475116,"z":0.18352978,"quality":56},"superFrameNumber":660}
UWB,1669368230560,{"position":{"x":-0.30748481,"y":2.5437436,"z":0.20051803,"quality":57},"superFrameNumber":670}
UWB,1669368231561,{"position":{"x":-0.30231574,"y":2.548764,"z":0.18871078,"quality":56},"superFrameNumber":680}
UWB,1669368232561,{"position":{"x":-0.31230918,"y":2.5488346,"z":0.16878159,"quality":57},"superFrameNumber":690}
UWB,1669368233561,{"position":{"x":-0.28785768,"y":2.5564952,"z":0.15912551,"quality":55},"superFrameNumber":700}
UWB,1669368234561,{"position":{"x":-0.27217051,"y":2.5688772,"z":0.14095181,"quality":56},"superFrameNumber":710}
UWB,1669368235560,{"position":{"x":-0.25028875,"y":2.583297,"z":0.13915415,"quality":55},"superFrameNumber":720}
UWB,1669368236561,{"position":{"x":-0.30172625,"y":2.5484397,"z":0.19892573,"quality":58},"superFrameNumber":730}
UWB,1669368237561,{"position":{"x":-0.30556613,"y":2.5436146,"z":0.20315585,"quality":56},"superFrameNumber":740}
UWB,1669368238561,{"position":{"x":-0.31970939,"y":2.5193694,"z":0.24355292,"quality":56},"superFrameNumber":750}
UWB,1669368239561,{"position":{"x":-0.30876809,"y":2.5417688,"z":0.20684636,"quality":56},"superFrameNumber":760}
UWB,1669368240561,{"position":{"x":-0.30605513,"y":2.526891,"z":0.21096349,"quality":56},"superFrameNumber":770}
UWB,1669368241561,{"position":{"x":-0.32156318,"y":2.5048871,"z":0.24832995,"quality":56},"superFrameNumber":780}
UWB,1669368242561,{"position":{"x":-0.29725924,"y":2.5246441,"z":0.2094548,"quality":56},"superFrameNumber":790}
UWB,1669368243561,{"position":{"x":-0.2641671,"y":2.5438933,"z":0.16072431,"quality":55},"superFrameNumber":800}
UWB,1669368244561,{"position":{"x":-0.28268531,"y":2.5444148,"z":0.17127974,"quality":57},"superFrameNumber":810}
UWB,1669368245561,{"position":{"x":-0.26490608,"y":2.555506,"z":0.14162853,"quality":56},"superFrameNumber":820}
UWB,1669368246560,{"position":{"x":-0.25738668,"y":2.5656114,"z":0.11563388,"quality":56},"superFrameNumber":830}
UWB,1669368247561,{"position":{"x":-0.28774443,"y":2.5406439,"z":0.14769302,"quality":57},"superFrameNumber":840}
UWB,1669368248561,{"position":{"x":-0.28014371,"y":2.5559235,"z":0.14490129,"quality":56},"superFrameNumber":850}
UWB,1669368249561,{"position":{"x":-0.28085756,"y":2.5337203,"z":0.16537504,"quality":56},"superFrameNumber":860}
UWB,1669368250561,{"position":{"x":-0.28941381,"y":2.5309253,"z":0.17200744,"quality":56},"superFrameNumber":870}
UWB,1669368251561,{"position":{"x":-0.27775326,"y":2.5478206,"z":0.14373867,"quality":56},"superFrameNumber":880}
UWB,1669368252560,{"position":{"x":-0.30165637,"y":2.55634,"z":0.1614884,"quality":57},"superFrameNumber":890}
UWB,1669368253561,{"position":{"x":-0.29447556,"y":2.558944,"z":0.15792665,"quality":56},"superFrameNumber":900}
UWB,1669368254561,{"position":{"x":-0.27234122,"y":2.5691905,"z":0.13361847,"quality":56},"superFrameNumber":910}
UWB,1669368255562,{"position":{"x":-0.31562272,"y":2.5355182,"z":0.18913303,"quality":58},"superFrameNumber":920}
UWB,1669368256561,{"position":{"x":-0.2983374,"y":2.5556715,"z":0.15268281,"quality":56},"superFrameNumber":930}
UWB,1669368257560,{"position":{"x":-0.25350675,"y":2.5439851,"z":0.17204522,"quality":53},"superFrameNumber":940}
UWB,1669368258561,{"position":{"x":-0.28640908,"y":2.5275767,"z":0.18980506,"quality":57},"superFrameNumber":950}
UWB,1669368259561,{"position":{"x":-0.29037565,"y":2.5325015,"z":0.18713196,"quality":56},"superFrameNumber":960}
UWB,1669368260561,{"position":{"x":-0.28963524,"y":2.5217798,"z":0.20782477,"quality":55},"superFrameNumber":970}
UWB,1669368261561,{"position":{"x":-0.30836904,"y":2.5205612,"z":0.19747749,"quality":57},"superFrameNumber":980}
UWB,1669368262561,{"position":{"x":-0.28877118,"y":2.5317676,"z":0.16785698,"quality":56},"superFrameNumber":990}
UWB,1669368263560,{"position":{"x":-0.2691012,"y":2.5469224,"z":0.15178263,"quality":55},"superFrameNumber":1000}
UWB,1669368264561,{"position":{"x":-0.24619912,"y":2.5588837,"z":0.13002692,"quality":55},"superFrameNumber":1010}
UWB,1669368265561,{"position":{"x":-0.24616559,"y":2.5576928,"z":0.1216746,"quality":56},"superFrameNumber":1020}
UWB,1669368266561,{"position":{"x":-0.2708064,"y":2.5333343,"z":0.19830094,"quality":56},"superFrameNumber":1030}
UWB,1669368267561,{"position":{"x":-0.27710214,"y":2.5448105,"z":0.18599199,"quality":56},"superFrameNumber":1040}
UWB,1669368268560,{"position":{"x":-0.28308135,"y":2.5353496,"z":0.19890323,"quality":56},"superFrameNumber":1050}
UWB,1669368269561,{"position":{"x":-0.27673033,"y":2.5389297,"z":0.18951277,"quality":56},"superFrameNumber":1060}
UWB,1669368270561,{"position":{"x":-0.23601553,"y":2.5469432,"z":0.18062998,"quality":54},"superFrameNumber":1070}
UWB,1669368271561,{"position":{"x":-0.22502258,"y":2.5655332,"z":0.1529178,"quality":55},"superFrameNumber":1080}
UWB,1669368272561,{"position":{"x":-0.21412863,"y":2.5777137,"z":0.12434081,"quality":55},"superFrameNumber":1090}
UWB,1669368273561,{"position":{"x":-0.24365984,"y":2.5496213,"z":0.17162715,"quality":56},"superFrameNumber":1100}
UWB,1669368274560,{"position":{"x":-0.24220131,"y":2.5701749,"z":0.14387219,"quality":56},"superFrameNumber":1110}
UWB,1669368275561,{"position":{"x":-0.23881756,"y":2.5513651,"z":0.15884294,"quality":55},"superFrameNumber":1120}
UWB,1669368276561,{"position":{"x":-0.25028393,"y":2.5463927,"z":0.14640692,"quality":56},"superFrameNumber":1130}
UWB,1669368277561,{"position":{"x":-0.27958813,"y":2.5354753,"z":0.17765114,"quality":57},"superFrameNumber":1140}
UWB,1669368278561,{"position":{"x":-0.26296479,"y":2.5476253,"z":0.15606664,"quality":55},"superFrameNumber":1150}
UWB,1669368279560,{"position":{"x":-0.21792866,"y":2.5735564,"z":0.13323104,"quality":54},"superFrameNumber":1160}
UWB,1669368280561,{"position":{"x":-0.10600597,"y":2.5569603,"z":0.13067384,"quality":48},"superFrameNumber":1170}
UWB,1669368281561,{"position":{"x":-0.17524312,"y":2.5357084,"z":0.18031505,"quality":57},"superFrameNumber":1180}
UWB,1669368282561,{"position":{"x":-0.21712114,"y":2.5431912,"z":0.16276914,"quality":57},"superFrameNumber":1190}
UWB,1669368283561,{"position":{"x":-0.24764317,"y":2.5354562,"z":0.2043186,"quality":56},"superFrameNumber":1200}
UWB,1669368284561,{"position":{"x":-0.25038528,"y":2.5398912,"z":0.18826205,"quality":56},"superFrameNumber":1210}
UWB,1669368285560,{"position":{"x":-0.27008548,"y":2.5241897,"z":0.19591352,"quality":56},"superFrameNumber":1220}
UWB,1669368286561,{"position":{"x":-0.25779903,"y":2.5434868,"z":0.1780635,"quality":55},"superFrameNumber":1230}
UWB,1669368287561,{"position":{"x":-0.24549356,"y":2.5568917,"z":0.14976028,"quality":56},"superFrameNumber":1240}
UWB,1669368288561,{"position":{"x":-0.26893494,"y":2.5370152,"z":0.17364261,"quality":56},"superFrameNumber":1250}
UWB,1669368289561,{"position":{"x":-0.31451458,"y":2.5390086,"z":0.17593259,"quality":59},"superFrameNumber":1260}
UWB,1669368290560,{"position":{"x":-0.31428665,"y":2.5267138,"z":0.1960839,"quality":56},"superFrameNumber":1270}
UWB,1669368291561,{"position":{"x":-0.33608714,"y":2.5224259,"z":0.21809387,"quality":57},"superFrameNumber":1280}
UWB,1669368292561,{"position":{"x":-0.33389044,"y":2.5076442,"z":0.23823006,"quality":56},"superFrameNumber":1290}
UWB,1669368293561,{"position":{"x":-0.33271438,"y":2.5000045,"z":0.23338954,"quality":56},"superFrameNumber":1300}
UWB,1669368294561,{"position":{"x":-0.30552927,"y":2.5134594,"z":0.21489467,"quality":55},"superFrameNumber":1310}
UWB,1669368295560,{"position":{"x":-0.32505935,"y":2.5016367,"z":0.23926219,"quality":57},"superFrameNumber":1320}
UWB,1669368296561,{"position":{"x":-0.34634933,"y":2.5229173,"z":0.22066465,"quality":58},"superFrameNumber":1330}
UWB,1669368297561,{"position":{"x":-0.35351679,"y":2.5172417,"z":0.22404766,"quality":57},"superFrameNumber":1340}
UWB,1669368298561,{"position":{"x":-0.32938012,"y":2.5115914,"z":0.24745314,"quality":55},"superFrameNumber":1350}
UWB,1669368299561,{"position":{"x":-0.34866193,"y":2.4968553,"z":0.24844716,"quality":57},"superFrameNumber":1360}
UWB,1669368300561,{"position":{"x":-0.39208788,"y":2.4781263,"z":0.2865746,"quality":59},"superFrameNumber":1370}
UWB,1669368301561,{"position":{"x":-0.34015304,"y":2.4903121,"z":0.25099942,"quality":55},"superFrameNumber":1380}
UWB,1669368302561,{"position":{"x":-0.3108747,"y":2.4970355,"z":0.22680919,"quality":55},"superFrameNumber":1390}
UWB,1669368303561,{"position":{"x":-0.26978394,"y":2.5190403,"z":0.1848938,"quality":55},"superFrameNumber":1400}
UWB,1669368304561,{"position":{"x":-0.29169488,"y":2.5194869,"z":0.20357691,"quality":57},"superFrameNumber":1410}
UWB,1669368305561,{"position":{"x":-0.26190713,"y":2.5457087,"z":0.16858055,"quality":55},"superFrameNumber":1420}
UWB,1669368306560,{"position":{"x":-0.28877258,"y":2.5265346,"z":0.19213556,"quality":57},"superFrameNumber":1430}
UWB,1669368307561,{"position":{"x":-0.27983648,"y":2.5211484,"z":0.20256892,"quality":55},"superFrameNumber":0}
UWB,1669368308561,{"position":{"x":-0.30296713,"y":2.5273564,"z":0.18757217,"quality":58},"superFrameNumber":10}
UWB,1669368309561,{"position":{"x":-0.26368368,"y":2.5500288,"z":0.16807468,"quality":54},"superFrameNumber":20}
UWB,1669368310561,{"position":{"x":-0.26393813,"y":2.549401,"z":0.15717468,"quality":56},"superFrameNumber":30}
UWB,1669368311561,{"position":{"x":-0.24635834,"y":2.5551431,"z":0.13620056,"quality":55},"superFrameNumber":40}
UWB,1669368312561,{"position":{"x":-0.27892092,"y":2.5293946,"z":0.18314493,"quality":57},"superFrameNumber":50}
UWB,1669368313561,{"position":{"x":-0.2605871,"y":2.552067,"z":0.15957186,"quality":55},"superFrameNumber":60}
UWB,1669368314561,{"position":{"x":-0.3227948,"y":2.5250075,"z":0.19749716,"quality":59},"superFrameNumber":70}
UWB,1669368315561,{"position":{"x":-0.314048,"y":2.520709,"z":0.2025557,"quality":56},"superFrameNumber":80}
UWB,1669368316561,{"position":{"x":-0.31649116,"y":2.5329566,"z":0.1915374,"quality":57},"superFrameNumber":90}
UWB,1669368317561,{"position":{"x":-0.27769864,"y":2.5457129,"z":0.15120083,"quality":55},"superFrameNumber":100}
UWB,1669368318561,{"position":{"x":-0.26676276,"y":2.5460355,"z":0.14170431,"quality":56},"superFrameNumber":110}
UWB,1669368319561,{"position":{"x":-0.27397189,"y":2.5390632,"z":0.15099174,"quality":56},"superFrameNumber":120}
UWB,1669368320561,{"position":{"x":-0.25995222,"y":2.5579517,"z":0.12573239,"quality":56},"superFrameNumber":130}
UWB,1669368321561,{"position":{"x":-0.27102724,"y":2.5334437,"z":0.15656158,"quality":56},"superFrameNumber":140}
UWB,1669368322561,{"position":{"x":-0.28950816,"y":2.5493443,"z":0.13616158,"quality":58},"superFrameNumber":150}
UWB,1669368323561,{"position":{"x":-0.29294991,"y":2.5533764,"z":0.14453295,"quality":56},"superFrameNumber":160}
UWB,1669368324561,{"position":{"x":-0.30001977,"y":2.5618136,"z":0.14991438,"quality":57},"superFrameNumber":170}
UWB,1669368325561,{"position":{"x":-0.266039,"y":2.5673265,"z":0.14411223,"quality":54},"superFrameNumber":180}
UWB,1669368326561,{"position":{"x":-0.24712402,"y":2.5613132,"z":0.14460574,"quality":55},"superFrameNumber":190}
UWB,1669368327561,{"position":{"x":-0.24335691,"y":2.5540414,"z":0.179279,"quality":55},"superFrameNumber":200}
UWB,1669368328560,{"position":{"x":-0.28297505,"y":2.5508351,"z":0.18129924,"quality":58},"superFrameNumber":210}
UWB,1669368329561,{"position":{"x":-0.27423972,"y":2.5499432,"z":0.18302658,"quality":55},"superFrameNumber":220}
UWB,1669368330561,{"position":{"x":-0.28687477,"y":2.5594523,"z":0.17453973,"quality":57},"superFrameNumber":230}
UWB,1669368331561,{"position":{"x":-0.32580554,"y":2.5393794,"z":0.19191134,"quality":58},"superFrameNumber":240}
UWB,1669368332561,{"position":{"x":-0.32108414,"y":2.547684,"z":0.1636845,"quality":57},"superFrameNumber":250}
UWB,1669368333561,{"position":{"x":-0.25450692,"y":2.5683906,"z":0.14135927,"quality":53},"superFrameNumber":260}
UWB,1669368334560,{"position":{"x":-0.208709,"y":2.5775156,"z":0.10786004,"quality":54},"superFrameNumber":270}
UWB,1669368335561,{"position":{"x":-0.21694234,"y":2.5859468,"z":0.10720699,"quality":56},"superFrameNumber":280}
UWB,1669368336561,{"position":{"x":-0.26967216,"y":2.5582078,"z":0.1550426,"quality":58},"superFrameNumber":290}
UWB,1669368337561,{"position":{"x":-0.22361928,"y":2.568372,"z":0.12907363,"quality":54},"superFrameNumber":300}
UWB,1669368338561,{"position":{"x":-0.25690752,"y":2.5492072,"z":0.17259176,"quality":57},"superFrameNumber":310}
UWB,1669368339561,{"position":{"x":-0.29337272,"y":2.5327611,"z":0.18911439,"quality":57},"superFrameNumber":320}
UWB,1669368340561,{"position":{"x":-0.27424031,"y":2.5563817,"z":0.1659009,"quality":56},"superFrameNumber":330}
UWB,1669368341561,{"position":{"x":-0.22319798,"y":2.57129,"z":0.12523691,"quality":54},"superFrameNumber":340}
UWB,1669368342561,{"position":{"x":-0.25691593,"y":2.5392876,"z":0.15393947,"quality":57},"superFrameNumber":350}
UWB,1669368343561,{"position":{"x":-0.26754162,"y":2.5474164,"z":0.12720707,"quality":57},"superFrameNumber":360}
UWB,1669368344561,{"position":{"x":-0.26726633,"y":2.5630383,"z":0.12699012,"quality":56},"superFrameNumber":370}
UWB,1669368345560,{"position":{"x":-0.24491821,"y":2.5665934,"z":0.12756072,"quality":55},"superFrameNumber":380}
UWB,1669368346561,{"position":{"x":-0.24720816,"y":2.5772939,"z":0.11300434,"quality":56},"superFrameNumber":390}
UWB,1669368347561,{"position":{"x":-0.28953332,"y":2.5526769,"z":0.15953684,"quality":57},"superFrameNumber":400}
UWB,1669368348561,{"position":{"x":-0.28083307,"y":2.5573866,"z":0.14608251,"quality":56},"superFrameNumber":410}
UWB,1669368349561,{"position":{"x":-0.30265659,"y":2.5487058,"z":0.17845842,"quality":57},"superFrameNumber":420}
UWB,1669368350561,{"position":{"x":-0.30741951,"y":2.5578489,"z":0.17195104,"quality":57},"superFrameNumber":430}
UWB,1669368351561,{"position":{"x":-0.34469667,"y":2.534687,"z":0.18950334,"quality":58},"superFrameNumber":440}
UWB,1669368352561,{"position":{"x":-0.35819781,"y":2.5402405,"z":0.19351666,"quality":58},"superFrameNumber":450}
UWB,1669368353561,{"position":{"x":-0.27972466,"y":2.5607328,"z":0.16650328,"quality":53},"superFrameNumber":460}
UWB,1669368354561,{"position":{"x":-0.28892547,"y":2.5578966,"z":0.18601085,"quality":56},"superFrameNumber":470}
UWB,1669368355560,{"position":{"x":-0.28294802,"y":2.5757568,"z":0.16432375,"quality":56},"superFrameNumber":480}
UWB,1669368356561,{"position":{"x":-0.25378442,"y":2.5738873,"z":0.15639709,"quality":54},"superFrameNumber":490}
UWB,1669368357561,{"position":{"x":-0.25576562,"y":2.6501365,"z":0.2604312,"quality":70},"superFrameNumber":500}
UWB,1669368358561,{"position":{"x":-0.26429135,"y":2.6227849,"z":0.22765173,"quality":56},"superFrameNumber":510}
UWB,1669368359561,{"position":{"x":-0.24535468,"y":2.59289,"z":0.21129854,"quality":54},"superFrameNumber":520}
UWB,1669368360561,{"position":{"x":-0.24207842,"y":2.5703955,"z":0.20660973,"quality":55},"superFrameNumber":530}
UWB,1669368361561,{"position":{"x":-0.271361,"y":2.5629227,"z":0.21478052,"quality":57},"superFrameNumber":540}
UWB,1669368362561,{"position":{"x":-0.29947984,"y":2.538209,"z":0.22501841,"quality":57},"superFrameNumber":550}
UWB,1669368363561,{"position":{"x":-0.30002147,"y":2.5530193,"z":0.20998277,"quality":57},"superFrameNumber":560}
UWB,1669368364561,{"position":{"x":-0.30403239,"y":2.5700865,"z":0.18282652,"quality":57},"superFrameNumber":570}
UWB,1669368365561,{"position":{"x":-0.33770987,"y":2.5269604,"z":0.2425354,"quality":57},"superFrameNumber":580}
UWB,1669368366561,{"position":{"x":-0.3113305,"y":2.5418584,"z":0.21046364,"quality":56},"superFrameNumber":590}
UWB,1669368367561,{"position":{"x":-0.33391315,"y":2.5196092,"z":0.24186938,"quality":57},"superFrameNumber":600}
UWB,1669368368561,{"position":{"x":-0.30377629,"y":2.5166016,"z":0.24186656,"quality":54},"superFrameNumber":610}
UWB,1669368369561,{"position":{"x":-0.3182936,"y":2.5057945,"z":0.24302951,"quality":57},"superFrameNumber":620}
UWB,1669368370561,{"position":{"x":-0.29907531,"y":2.4996536,"z":0.22198164,"quality":55},"superFrameNumber":630}
UWB,1669368371561,{"position":{"x":-0.35009688,"y":2.4679325,"z":0.28324005,"quality":58},"superFrameNumber":640}
UWB,1669368372561,{"position":{"x":-0.34685737,"y":2.4792383,"z":0.26258603,"quality":57},"superFrameNumber":650}
UWB,1669368373561,{"position":{"x":-0.36051202,"y":2.48363,"z":0.25160685,"quality":58},"superFrameNumber":660}
UWB,1669368374561,{"position":{"x":-0.35910952,"y":2.4990802,"z":0.257023,"quality":57},"superFrameNumber":670}
UWB,1669368375561,{"position":{"x":-0.33907571,"y":2.5226395,"z":0.21242765,"quality":57},"superFrameNumber":680}
UWB,1669368376561,{"position":{"x":-0.30314511,"y":2.5521386,"z":0.17622843,"quality":55},"superFrameNumber":690}
UWB,1669368377561,{"position":{"x":-0.34793639,"y":2.5342343,"z":0.20960292,"quality":59},"superFrameNumber":700}
UWB,1669368378561,{"position":{"x":-0.31028342,"y":2.5536711,"z":0.17598459,"quality":55},"superFrameNumber":710}
UWB,1669368379561,{"position":{"x":-0.26065764,"y":2.5691981,"z":0.1628485,"quality":54},"superFrameNumber":720}
UWB,1669368380561,{"position":{"x":-0.26231644,"y":2.56677,"z":0.15725549,"quality":56},"superFrameNumber":730}
UWB,1669368381561,{"position":{"x":-0.21086559,"y":2.5656624,"z":0.13480359,"quality":53},"superFrameNumber":740}
UWB,1669368382561,{"position":{"x":-0.21901314,"y":2.5634749,"z":0.1242025,"quality":56},"superFrameNumber":750}
UWB,1669368383561,{"position":{"x":-0.22194616,"y":2.5713339,"z":0.11274959,"quality":56},"superFrameNumber":760}
UWB,1669368384561,{"position":{"x":-0.23534487,"y":2.5802732,"z":0.11138612,"quality":56},"superFrameNumber":770}
UWB,1669368385561,{"position":{"x":-0.30572391,"y":2.5506172,"z":0.1700964,"quality":59},"superFrameNumber":780}
UWB,1669368386561,{"position":{"x":-0.32882726,"y":2.5490026,"z":0.17940122,"quality":58},"superFrameNumber":790}
UWB,1669368387561,{"position":{"x":-0.33090517,"y":2.5492141,"z":0.1921463,"quality":57},"superFrameNumber":800}
UWB,1669368388561,{"position":{"x":-0.31669849,"y":2.5368285,"z":0.17823648,"quality":56},"superFrameNumber":810}
UWB,1669368389561,{"position":{"x":-0.30804536,"y":2.5472493,"z":0.1686824,"quality":56},"superFrameNumber":820}
UWB,1669368390561,{"position":{"x":-0.27784789,"y":2.5526352,"z":0.14991879,"quality":55},"superFrameNumber":830}
UWB,1669368391561,{"position":{"x":-0.27356797,"y":2.5424075,"z":0.14387406,"quality":56},"superFrameNumber":840}
UWB,1669368392561,{"position":{"x":-0.2764349,"y":2.5583465,"z":0.12735294,"quality":57},"superFrameNumber":850}
UWB,1669368393561,{"position":{"x":-0.25275716,"y":2.5716381,"z":0.13294065,"quality":55},"superFrameNumber":860}
UWB,1669368394561,{"position":{"x":-0.27065825,"y":2.565949,"z":0.14885427,"quality":57},"superFrameNumber":870}
UWB,1669368395561,{"position":{"x":-0.27656642,"y":2.570878,"z":0.14252934,"quality":57},"superFrameNumber":880}
UWB,1669368396561,{"position":{"x":-0.27389425,"y":2.5611856,"z":0.14557086,"quality":56},"superFrameNumber":890}
UWB,1669368397561,{"position":{"x":-0.26552862,"y":2.5723038,"z":0.14343554,"quality":56},"superFrameNumber":900}
UWB,1669368398561,{"position":{"x":-0.25943622,"y":2.5911138,"z":0.12146849,"quality":56},"superFrameNumber":910}
UWB,1669368399561,{"position":{"x":-0.26357314,"y":2.5884483,"z":0.12928353,"quality":56},"superFrameNumber":920}
UWB,1669368400562,{"position":{"x":-0.3114171,"y":2.5383306,"z":0.19369638,"quality":58},"superFrameNumber":930}
UWB,1669368401562,{"position":{"x":-0.29289332,"y":2.5391269,"z":0.20444016,"quality":55},"superFrameNumber":940}
UWB,1669368402562,{"position":{"x":-0.29288694,"y":2.5281041,"z":0.20845667,"quality":56},"superFrameNumber":950}
UWB,1669368403561,{"position":{"x":-0.27048931,"y":2.5486081,"z":0.17194192,"quality":56},"superFrameNumber":960}
UWB,1669368404562,{"position":{"x":-0.28720474,"y":2.540153,"z":0.19317488,"quality":56},"superFrameNumber":970}
UWB,1669368405561,{"position":{"x":-0.2586188,"y":2.55893,"z":0.15595613,"quality":55},"superFrameNumber":980}
UWB,1669368406562,{"position":{"x":-0.28301272,"y":2.5467498,"z":0.18577327,"quality":57},"superFrameNumber":990}
UWB,1669368407561,{"position":{"x":-0.27351955,"y":2.5594339,"z":0.15847202,"quality":56},"superFrameNumber":1000}
UWB,1669368408561,{"position":{"x":-0.26489353,"y":2.5666587,"z":0.13896365,"quality":56},"superFrameNumber":1010}
UWB,1669368409563,{"position":{"x":-0.27691248,"y":2.5715747,"z":0.14367376,"quality":57},"superFrameNumber":1020}
UWB,1669368410561,{"position":{"x":-0.29236761,"y":2.5685103,"z":0.14141743,"quality":57},"superFrameNumber":1030}
UWB,1669368411562,{"position":{"x":-0.32447341,"y":2.540689,"z":0.18282861,"quality":57},"superFrameNumber":1040}
UWB,1669368412562,{"position":{"x":-0.29492551,"y":2.5532019,"z":0.14748693,"quality":56},"superFrameNumber":1050}
UWB,1669368413562,{"position":{"x":-0.29790208,"y":2.5619638,"z":0.15324003,"quality":57},"superFrameNumber":1060}
UWB,1669368414562,{"position":{"x":-0.30824134,"y":2.539897,"z":0.17551433,"quality":56},"superFrameNumber":1070}
UWB,1669368415561,{"position":{"x":-0.34197867,"y":2.5385327,"z":0.18700217,"quality":58},"superFrameNumber":1080}
UWB,1669368416562,{"position":{"x":-0.37901738,"y":2.5224481,"z":0.20764652,"quality":59},"superFrameNumber":1090}
UWB,1669368417562,{"position":{"x":-0.36137074,"y":2.5363982,"z":0.20403378,"quality":56},"superFrameNumber":1100}
UWB,1669368418562,{"position":{"x":-0.28423762,"y":2.5612781,"z":0.18147238,"quality":53},"superFrameNumber":1110}
UWB,1669368419562,{"position":{"x":-0.32269597,"y":2.5541003,"z":0.18773937,"quality":58},"superFrameNumber":1120}
UWB,1669368420562,{"position":{"x":-0.3149417,"y":2.5599325,"z":0.1684151,"quality":57},"superFrameNumber":1130}
UWB,1669368421562,{"position":{"x":-0.30226347,"y":2.5680902,"z":0.14975841,"quality":56},"superFrameNumber":1140}
UWB,1669368422562,{"position":{"x":-0.32390839,"y":2.5481091,"z":0.18443662,"quality":57},"superFrameNumber":1150}
UWB,1669368423562,{"position":{"x":-0.30799389,"y":2.5514798,"z":0.1826908,"quality":56},"superFrameNumber":1160}
UWB,1669368424562,{"position":{"x":-0.29055443,"y":2.5545297,"z":0.17788567,"quality":55},"superFrameNumber":1170}
UWB,1669368425562,{"position":{"x":-0.29049343,"y":2.5706158,"z":0.15867372,"quality":57},"superFrameNumber":1180}
UWB,1669368426561,{"position":{"x":-0.27142191,"y":2.5716767,"z":0.13103537,"quality":56},"superFrameNumber":1190}
UWB,1669368427562,{"position":{"x":-0.31707051,"y":2.5628154,"z":0.15769769,"quality":58},"superFrameNumber":1200}
UWB,1669368428562,{"position":{"x":-0.3593601,"y":2.5368388,"z":0.18695121,"quality":59},"superFrameNumber":1210}
UWB,1669368429562,{"position":{"x":-0.34982741,"y":2.5457473,"z":0.17875347,"quality":57},"superFrameNumber":1220}
UWB,1669368430562,{"position":{"x":-0.32192773,"y":2.5508606,"z":0.15578823,"quality":56},"superFrameNumber":1230}
UWB,1669368431562,{"position":{"x":-0.33075327,"y":2.5250642,"z":0.194397,"quality":56},"superFrameNumber":1240}
UWB,1669368432562,{"position":{"x":-0.31847221,"y":2.5315397,"z":0.17829862,"quality":56},"superFrameNumber":1250}
UWB,1669368433562,{"position":{"x":-0.32022136,"y":2.5159442,"z":0.19123307,"quality":56},"superFrameNumber":1260}
UWB,1669368434562,{"position":{"x":-0.30428383,"y":2.5319092,"z":0.17915682,"quality":56},"superFrameNumber":1270}
UWB,1669368435562,{"position":{"x":-0.31600603,"y":2.5376136,"z":0.17833994,"quality":57},"superFrameNumber":1280}
UWB,1669368436562,{"position":{"x":-0.34689745,"y":2.5200799,"z":0.21830018,"quality":58},"superFrameNumber":1290}
UWB,1669368437561,{"position":{"x":-0.33317,"y":2.5249395,"z":0.21714029,"quality":56},"superFrameNumber":1300}
UWB,1669368438562,{"position":{"x":-0.32198191,"y":2.5248055,"z":0.20094378,"quality":56},"superFrameNumber":1310}
UWB,1669368439562,{"position":{"x":-0.26818535,"y":2.5445955,"z":0.17411429,"quality":54},"superFrameNumber":1320}
UWB,1669368440562,{"position":{"x":-0.27653697,"y":2.53192,"z":0.18435559,"quality":56},"superFrameNumber":1330}
UWB,1669368441562,{"position":{"x":-0.27951476,"y":2.559895,"z":0.16089489,"quality":57},"superFrameNumber":1340}
UWB,1669368442562,{"position":{"x":-0.29397383,"y":2.5431097,"z":0.18042475,"quality":56},"superFrameNumber":1350}
UWB,1669368443562,{"position":{"x":-0.28409097,"y":2.5665805,"z":0.15518205,"quality":56},"superFrameNumber":1360}
UWB,1669368444562,{"position":{"x":-0.27912942,"y":2.5641346,"z":0.15235722,"quality":56},"superFrameNumber":1370}
UWB,1669368445562,{"position":{"x":-0.31295052,"y":2.5342786,"z":0.19120832,"quality":57},"superFrameNumber":1380}
UWB,1669368446562,{"position":{"x":-0.29482085,"y":2.5392592,"z":0.16735968,"quality":56},"superFrameNumber":1390}
UWB,1669368447562,{"position":{"x":-0.25655842,"y":2.5449769,"z":0.15214913,"quality":54},"superFrameNumber":1400}
UWB,1669368448561,{"position":{"x":-0.2854847,"y":2.5469375,"z":0.16790776,"quality":57},"superFrameNumber":1410}
UWB,1669368449562,{"position":{"x":-0.2937901,"y":2.5474436,"z":0.17483567,"quality":57},"superFrameNumber":1420}
UWB,1669368450562,{"position":{"x":-0.28598019,"y":2.5513701,"z":0.16073477,"quality":56},"superFrameNumber":1430}
UWB,1669368451562,{"position":{"x":-0.27152497,"y":2.5414596,"z":0.16123222,"quality":55},"superFrameNumber":0}
UWB,1669368452562,{"position":{"x":-0.25728369,"y":2.5548997,"z":0.13396667,"quality":56},"superFrameNumber":10}
UWB,1669368453562,{"position":{"x":-0.2969639,"y":2.5437596,"z":0.15711421,"quality":58},"superFrameNumber":20}
UWB,1669368454561,{"position":{"x":-0.27900153,"y":2.5415339,"z":0.16452459,"quality":55},"superFrameNumber":30}
UWB,1669368455562,{"position":{"x":-0.29325137,"y":2.5289924,"z":0.17521374,"quality":57},"superFrameNumber":40}
UWB,1669368456562,{"position":{"x":-0.28336439,"y":2.5458598,"z":0.14917439,"quality":56},"superFrameNumber":50}
UWB,1669368457562,{"position":{"x":-0.29347846,"y":2.5490642,"z":0.14928178,"quality":57},"superFrameNumber":60}
UWB,1669368458562,{"position":{"x":-0.28581408,"y":2.5515087,"z":0.15739439,"quality":56},"superFrameNumber":70}
UWB,1669368459561,{"position":{"x":-0.28505489,"y":2.5539494,"z":0.16328499,"quality":56},"superFrameNumber":80}
UWB,1669368460562,{"position":{"x":-0.31960917,"y":2.53827,"z":0.20789325,"quality":57},"superFrameNumber":90}
UWB,1669368461562,{"position":{"x":-0.31622219,"y":2.5254169,"z":0.21454947,"quality":56},"superFrameNumber":100}
UWB,1669368462562,{"position":{"x":-0.32774946,"y":2.5206678,"z":0.21245885,"quality":57},"superFrameNumber":110}
UWB,1669368463562,{"position":{"x":-0.27763128,"y":2.5345447,"z":0.19286096,"quality":54},"superFrameNumber":120}
UWB,1669368464562,{"position":{"x":-0.28210336,"y":2.5379164,"z":0.17866528,"quality":56},"superFrameNumber":130}
UWB,1669368465561,{"position":{"x":-0.29294473,"y":2.5207269,"z":0.19150807,"quality":56},"superFrameNumber":140}
UWB,1669368466562,{"position":{"x":-0.28982988,"y":2.5116866,"z":0.20218527,"quality":56},"superFrameNumber":150}
UWB,1669368467562,{"position":{"x":-0.25199392,"y":2.5577643,"z":0.15842587,"quality":55},"superFrameNumber":160}
UWB,1669368468562,{"position":{"x":-0.28938892,"y":2.5298407,"z":0.21201448,"quality":57},"superFrameNumber":170}
UWB,1669368469562,{"position":{"x":-0.28104755,"y":2.527128,"z":0.18567887,"quality":56},"superFrameNumber":180}
UWB,1669368470561,{"position":{"x":-0.27081737,"y":2.5548611,"z":0.16030581,"quality":56},"superFrameNumber":190}
UWB,1669368471562,{"position":{"x":-0.26861161,"y":2.6637583,"z":0.22928764,"quality":70},"superFrameNumber":200}
UWB,1669368472562,{"position":{"x":-0.27689922,"y":2.6184947,"z":0.20696673,"quality":56},"superFrameNumber":210}
UWB,1669368473562,{"position":{"x":-0.29138148,"y":2.5923269,"z":0.21759574,"quality":56},"superFrameNumber":220}
UWB,1669368474562,{"position":{"x":-0.27922904,"y":2.6003067,"z":0.18307143,"quality":56},"superFrameNumber":230}
UWB,1669368475561,{"position":{"x":-0.27916536,"y":2.5948682,"z":0.15404053,"quality":57},"superFrameNumber":240}
UWB,1669368476562,{"position":{"x":-0.27174294,"y":2.5842776,"z":0.15459105,"quality":56},"superFrameNumber":250}
UWB,1669368477562,{"position":{"x":-0.24463351,"y":2.5853343,"z":0.13193603,"quality":55},"superFrameNumber":260}
UWB,1669368478562,{"position":{"x":-0.14626573,"y":2.5526986,"z":0.15261027,"quality":48},"superFrameNumber":270}
UWB,1669368479562,{"position":{"x":-0.22527485,"y":2.5285592,"z":0.19802131,"quality":58},"superFrameNumber":280}
UWB,1669368480562,{"position":{"x":-0.25939351,"y":2.5244474,"z":0.20422137,"quality":57},"superFrameNumber":290}
UWB,1669368481562,{"position":{"x":-0.26765928,"y":2.5315139,"z":0.1895009,"quality":56},"superFrameNumber":300}
UWB,1669368482562,{"position":{"x":-0.25139269,"y":2.5428517,"z":0.15713763,"quality":55},"superFrameNumber":310}
UWB,1669368483562,{"position":{"x":-0.29959708,"y":2.5171366,"z":0.18942161,"quality":58},"superFrameNumber":320}
UWB,1669368484562,{"position":{"x":-0.30249247,"y":2.5496392,"z":0.1663475,"quality":57},"superFrameNumber":330}
UWB,1669368485562,{"position":{"x":-0.33898318,"y":2.5278859,"z":0.20728773,"quality":58},"superFrameNumber":340}
UWB,1669368486561,{"position":{"x":-0.3277941,"y":2.5144994,"z":0.21409446,"quality":56},"superFrameNumber":350}
UWB,1669368487562,{"position":{"x":-0.29771394,"y":2.5328336,"z":0.18394659,"quality":55},"superFrameNumber":360}
UWB,1669368488562,{"position":{"x":-0.28924114,"y":2.5445423,"z":0.16184302,"quality":56},"superFrameNumber":370}
UWB,1669368489562,{"position":{"x":-0.2706567,"y":2.5714495,"z":0.14284047,"quality":56},"superFrameNumber":380}
UWB,1669368490562,{"position":{"x":-0.24931848,"y":2.5815206,"z":0.10591396,"quality":56},"superFrameNumber":390}
UWB,1669368491562,{"position":{"x":-0.2469302,"y":2.5841579,"z":0.094287068,"quality":56},"superFrameNumber":400}
UWB,1669368492562,{"position":{"x":-0.26809171,"y":2.5701811,"z":0.10695197,"quality":57},"superFrameNumber":410}
UWB,1669368493562,{"position":{"x":-0.27665782,"y":2.5473728,"z":0.14164414,"quality":56},"superFrameNumber":420}
UWB,1669368494562,{"position":{"x":-0.26950645,"y":2.5596652,"z":0.12379411,"quality":56},"superFrameNumber":430}
UWB,1669368495562,{"position":{"x":-0.27428272,"y":2.5365067,"z":0.14977342,"quality":56},"superFrameNumber":440}
UWB,1669368496562,{"position":{"x":-0.29254293,"y":2.5252008,"z":0.19216457,"quality":56},"superFrameNumber":450}
UWB,1669368497561,{"position":{"x":-0.27464211,"y":2.5497208,"z":0.17971715,"quality":55},"superFrameNumber":460}
UWB,1669368498562,{"position":{"x":-0.28186703,"y":2.5392754,"z":0.19603147,"quality":56},"superFrameNumber":470}
UWB,1669368499562,{"position":{"x":-0.25566342,"y":2.5386765,"z":0.17730698,"quality":55},"superFrameNumber":480}
UWB,1669368500563,{"position":{"x":-0.26715916,"y":2.5395923,"z":0.16311584,"quality":57},"superFrameNumber":490}
UWB,1669368501562,{"position":{"x":-0.25889942,"y":2.5637493,"z":0.14582397,"quality":56},"superFrameNumber":500}
UWB,1669368502562,{"position":{"x":-0.29876822,"y":2.5530159,"z":0.15603681,"quality":58},"superFrameNumber":510}
UWB,1669368503561,{"position":{"x":-0.31152549,"y":2.5694885,"z":0.14647523,"quality":58},"superFrameNumber":520}
UWB,1669368504562,{"position":{"x":-0.28887931,"y":2.5603039,"z":0.14689732,"quality":55},"superFrameNumber":530}
UWB,1669368505562,{"position":{"x":-0.29113856,"y":2.5518095,"z":0.17491344,"quality":56},"superFrameNumber":540}
UWB,1669368506563,{"position":{"x":-0.29220229,"y":2.5442853,"z":0.19333798,"quality":56},"superFrameNumber":550}
UWB,1669368507562,{"position":{"x":-0.25438175,"y":2.5544975,"z":0.15963633,"quality":54},"superFrameNumber":560}
UWB,1669368508561,{"position":{"x":-0.28014269,"y":2.5455914,"z":0.19808404,"quality":57},"superFrameNumber":570}
UWB,1669368509562,{"position":{"x":-0.29351172,"y":2.5413916,"z":0.22008757,"quality":56},"superFrameNumber":580}
UWB,1669368510562,{"position":{"x":-0.27892607,"y":2.5683763,"z":0.18212959,"quality":56},"superFrameNumber":590}
UWB,1669368511562,{"position":{"x":-0.29393604,"y":2.5292017,"z":0.2121114,"quality":56},"superFrameNumber":600}
UWB,1669368512562,{"position":{"x":-0.27285179,"y":2.5429697,"z":0.16380739,"quality":56},"superFrameNumber":610}
UWB,1669368513562,{"position":{"x":-0.2586334,"y":2.5407903,"z":0.17362703,"quality":55},"superFrameNumber":620}
UWB,1669368514561,{"position":{"x":-0.24921025,"y":2.5341601,"z":0.1636146,"quality":55},"superFrameNumber":630}
UWB,1669368515562,{"position":{"x":-0.25719854,"y":2.5379179,"z":0.1578626,"quality":56},"superFrameNumber":640}
UWB,1669368516562,{"position":{"x":-0.26800787,"y":2.5343459,"z":0.1842297,"quality":56},"superFrameNumber":650}
UWB,1669368517562,{"position":{"x":-0.29002753,"y":2.5260451,"z":0.19139439,"quality":57},"superFrameNumber":660}
UWB,1669368518562,{"position":{"x":-0.27755234,"y":2.54855,"z":0.16016357,"quality":56},"superFrameNumber":670}
UWB,1669368519561,{"position":{"x":-0.28063139,"y":2.5484405,"z":0.15391602,"quality":56},"superFrameNumber":680}
UWB,1669368520562,{"position":{"x":-0.25905827,"y":2.5562708,"z":0.1292327,"quality":55},"superFrameNumber":690}
UWB,1669368521562,{"position":{"x":-0.23791051,"y":2.5576422,"z":0.13055462,"quality":55},"superFrameNumber":700}
UWB,1669368522562,{"position":{"x":-0.27343914,"y":2.5378089,"z":0.16909559,"quality":57},"superFrameNumber":710}
UWB,1669368523562,{"position":{"x":-0.25835302,"y":2.5512152,"z":0.15111755,"quality":55},"superFrameNumber":720}
UWB,1669368524562,{"position":{"x":-0.24778959,"y":2.5628691,"z":0.13751194,"quality":56},"superFrameNumber":730}
UWB,1669368525561,{"position":{"x":-0.23728575,"y":2.5501637,"z":0.14304574,"quality":55},"superFrameNumber":740}
UWB,1669368526562,{"position":{"x":-0.27833331,"y":2.5469275,"z":0.17015001,"quality":58},"superFrameNumber":750}
UWB,1669368527562,{"position":{"x":-0.30500644,"y":2.5311735,"z":0.17582627,"quality":57},"superFrameNumber":760}
UWB,1669368528562,{"position":{"x":-0.305597,"y":2.5222898,"z":0.19994549,"quality":56},"superFrameNumber":770}
UWB,1669368529562,{"position":{"x":-0.30304614,"y":2.5129566,"z":0.20469984,"quality":56},"superFrameNumber":780}
UWB,1669368530561,{"position":{"x":-0.34260449,"y":2.4983487,"z":0.22901282,"quality":58},"superFrameNumber":790}
UWB,1669368531562,{"position":{"x":-0.3181178,"y":2.5254209,"z":0.19574347,"quality":56},"superFrameNumber":800}
UWB,1669368532562,{"position":{"x":-0.30464554,"y":2.5440443,"z":0.17172703,"quality":56},"superFrameNumber":810}
UWB,1669368533563,{"position":{"x":-0.3053146,"y":2.5232754,"z":0.20356403,"quality":56},"superFrameNumber":820}
UWB,1669368534562,{"position":{"x":-0.31673655,"y":2.5200238,"z":0.20443511,"quality":57},"superFrameNumber":830}
UWB,1669368535561,{"position":{"x":-0.34456077,"y":2.5156403,"z":0.21975711,"quality":58},"superFrameNumber":840}
UWB,1669368536562,{"position":{"x":-0.33436128,"y":2.5267074,"z":0.20308687,"quality":57},"superFrameNumber":850}
UWB,1669368537562,{"position":{"x":-0.31272143,"y":2.5347354,"z":0.18500669,"quality":56},"superFrameNumber":860}
UWB,1669368538563,{"position":{"x":-0.31152195,"y":2.5341716,"z":0.18081431,"quality":56},"superFrameNumber":870}
UWB,1669368539562,{"position":{"x":-0.32593954,"y":2.5156498,"z":0.21323802,"quality":57},"superFrameNumber":880}
UWB,1669368540562,{"position":{"x":-0.33413097,"y":2.5071943,"z":0.22462061,"quality":57},"superFrameNumber":890}
UWB,1669368541562,{"position":{"x":-0.30828452,"y":2.534632,"z":0.19247983,"quality":56},"superFrameNumber":900}
UWB,1669368542562,{"position":{"x":-0.34295818,"y":2.5057328,"z":0.22410683,"quality":58},"superFrameNumber":910}
UWB,1669368543563,{"position":{"x":-0.36091027,"y":2.5106354,"z":0.23384084,"quality":58},"superFrameNumber":920}
UWB,1669368544562,{"position":{"x":-0.34739065,"y":2.5208657,"z":0.21059556,"quality":57},"superFrameNumber":930}
UWB,1669368545562,{"position":{"x":-0.33095023,"y":2.5329912,"z":0.19412792,"quality":56},"superFrameNumber":940}
UWB,1669368546561,{"position":{"x":-0.32817158,"y":2.5271738,"z":0.21100718,"quality":56},"superFrameNumber":950}
UWB,1669368547562,{"position":{"x":-0.32820731,"y":2.5407567,"z":0.1898113,"quality":57},"superFrameNumber":960}
UWB,1669368548563,{"position":{"x":-0.36400634,"y":2.513828,"z":0.23099992,"quality":58},"superFrameNumber":970}
UWB,1669368549562,{"position":{"x":-0.34445977,"y":2.5115783,"z":0.22245131,"quality":56},"superFrameNumber":980}
UWB,1669368550562,{"position":{"x":-0.29882863,"y":2.5343273,"z":0.17205858,"quality":55},"superFrameNumber":990}
UWB,1669368551562,{"position":{"x":-0.29045653,"y":2.5286984,"z":0.1833214,"quality":55},"superFrameNumber":1000}
UWB,1669368552561,{"position":{"x":-0.27693877,"y":2.5479894,"z":0.15948829,"quality":56},"superFrameNumber":1010}
UWB,1669368553562,{"position":{"x":-0.29828689,"y":2.5394397,"z":0.1726414,"quality":57},"superFrameNumber":1020}
UWB,1669368554563,{"position":{"x":-0.29015651,"y":2.567441,"z":0.15273288,"quality":56},"superFrameNumber":1030}
UWB,1669368555562,{"position":{"x":-0.32572374,"y":2.5278895,"z":0.19302298,"quality":57},"superFrameNumber":1040}
UWB,1669368556562,{"position":{"x":-0.33693016,"y":2.5107942,"z":0.21623617,"quality":57},"superFrameNumber":1050}
UWB,1669368557561,{"position":{"x":-0.31506655,"y":2.5119939,"z":0.19392145,"quality":56},"superFrameNumber":1060}
UWB,1669368558562,{"position":{"x":-0.329559,"y":2.5064664,"z":0.22476311,"quality":57},"superFrameNumber":1070}
UWB,1669368559562,{"position":{"x":-0.34691295,"y":2.5014889,"z":0.2332478,"quality":57},"superFrameNumber":1080}
UWB,1669368560562,{"position":{"x":-0.350488,"y":2.4949818,"z":0.23999566,"quality":57},"superFrameNumber":1090}
UWB,1669368561562,{"position":{"x":-0.33803925,"y":2.507782,"z":0.21689877,"quality":56},"superFrameNumber":1100}
UWB,1669368562562,{"position":{"x":-0.30536634,"y":2.5082455,"z":0.20969857,"quality":55},"superFrameNumber":1110}
UWB,1669368563562,{"position":{"x":-0.30111495,"y":2.5149782,"z":0.21422429,"quality":56},"superFrameNumber":1120}
UWB,1669368564563,{"position":{"x":-0.27798048,"y":2.5336661,"z":0.17542106,"quality":56},"superFrameNumber":1130}
UWB,1669368565562,{"position":{"x":-0.24387489,"y":2.5520802,"z":0.14459828,"quality":55},"superFrameNumber":1140}
UWB,1669368566562,{"position":{"x":-0.23988141,"y":2.5586607,"z":0.14582042,"quality":55},"superFrameNumber":1150}
UWB,1669368567562,{"position":{"x":-0.2782236,"y":2.551254,"z":0.16858326,"quality":57},"superFrameNumber":1160}
UWB,1669368568561,{"position":{"x":-0.22306187,"y":2.5641162,"z":0.14880854,"quality":53},"superFrameNumber":1170}
UWB,1669368569562,{"position":{"x":-0.25610611,"y":2.5595212,"z":0.16311282,"quality":57},"superFrameNumber":1180}
UWB,1669368570563,{"position":{"x":-0.29036978,"y":2.536278,"z":0.19641393,"quality":57},"superFrameNumber":1190}
UWB,1669368571562,{"position":{"x":-0.2578401,"y":2.5538547,"z":0.16763698,"quality":55},"superFrameNumber":1200}
UWB,1669368572562,{"position":{"x":-0.29494828,"y":2.527252,"z":0.20124193,"quality":57},"superFrameNumber":1210}
UWB,1669368573562,{"position":{"x":-0.29819208,"y":2.5340724,"z":0.19742829,"quality":56},"superFrameNumber":1220}
UWB,1669368574562,{"position":{"x":-0.31611291,"y":2.5232947,"z":0.22899118,"quality":57},"superFrameNumber":1230}
UWB,1669368575562,{"position":{"x":-0.36409074,"y":2.499953,"z":0.26359573,"quality":59},"superFrameNumber":1240}
UWB,1669368576562,{"position":{"x":-0.36823836,"y":2.4976957,"z":0.26841405,"quality":57},"superFrameNumber":1250}
UWB,1669368577562,{"position":{"x":-0.32644916,"y":2.5119624,"z":0.22393049,"quality":55},"superFrameNumber":1260}
UWB,1669368578562,{"position":{"x":-0.32090935,"y":2.5342762,"z":0.19176705,"quality":57},"superFrameNumber":1270}
UWB,1669368579562,{"position":{"x":-0.32612449,"y":2.5239823,"z":0.20996048,"quality":56},"superFrameNumber":1280}
UWB,1669368580563,{"position":{"x":-0.28640479,"y":2.553246,"z":0.17352198,"quality":55},"superFrameNumber":1290}
UWB,1669368581562,{"position":{"x":-0.26803687,"y":2.5496686,"z":0.18326759,"quality":55},"superFrameNumber":1300}
UWB,1669368582562,{"position":{"x":-0.19611281,"y":2.5602472,"z":0.16309203,"quality":59},"superFrameNumber":1310}
UWB,1669368583562,{"position":{"x":-0.22829968,"y":2.5444386,"z":0.18843612,"quality":56},"superFrameNumber":1320}
UWB,1669368584562,{"position":{"x":-0.24105118,"y":2.5314219,"z":0.20748161,"quality":55},"superFrameNumber":1330}
UWB,1669368585562,{"position":{"x":-0.24346042,"y":2.5506756,"z":0.17716019,"quality":56},"superFrameNumber":1340}
UWB,1669368586563,{"position":{"x":-0.24465293,"y":2.5392132,"z":0.20176975,"quality":55},"superFrameNumber":1350}
UWB,1669368587562,{"position":{"x":-0.28876382,"y":2.5067592,"z":0.22919123,"quality":57},"superFrameNumber":1360}
UWB,1669368588562,{"position":{"x":-0.27858597,"y":2.5208819,"z":0.18290994,"quality":56},"superFrameNumber":1370}
UWB,1669368589562,{"position":{"x":-0.24866284,"y":2.536185,"z":0.16531254,"quality":54},"superFrameNumber":1380}
UWB,1669368590562,{"position":{"x":-0.25819924,"y":2.5458457,"z":0.16452961,"quality":56},"superFrameNumber":1390}
UWB,1669368591562,{"position":{"x":-0.32286471,"y":2.5275474,"z":0.21222715,"quality":59},"superFrameNumber":1400}
UWB,1669368592562,{"position":{"x":-0.28568989,"y":2.5395148,"z":0.17593578,"quality":55},"superFrameNumber":1410}
UWB,1669368593562,{"position":{"x":-0.29860517,"y":2.5342486,"z":0.19691867,"quality":56},"superFrameNumber":1420}
UWB,1669368594562,{"position":{"x":-0.27843085,"y":2.5387242,"z":0.19000785,"quality":55},"superFrameNumber":1430}
UWB,1669368595562,{"position":{"x":-0.27601832,"y":2.5565948,"z":0.15605013,"quality":57},"superFrameNumber":0}
UWB,1669368596562,{"position":{"x":-0.25460142,"y":2.5758445,"z":0.12631276,"quality":56},"superFrameNumber":10}
UWB,1669368597563,{"position":{"x":-0.26093304,"y":2.5702925,"z":0.12015042,"quality":56},"superFrameNumber":20}
UWB,1669368598562,{"position":{"x":-0.25554207,"y":2.5592995,"z":0.13412751,"quality":55},"superFrameNumber":30}
UWB,1669368599562,{"position":{"x":-0.2923246,"y":2.5509627,"z":0.15509048,"quality":58},"superFrameNumber":40}
UWB,1669368600563,{"position":{"x":-0.2861563,"y":2.5652707,"z":0.13849036,"quality":56},"superFrameNumber":50}
UWB,1669368601562,{"position":{"x":-0.29981679,"y":2.5597634,"z":0.15569729,"quality":57},"superFrameNumber":60}
UWB,1669368602562,{"position":{"x":-0.34650025,"y":2.5210314,"z":0.21735923,"quality":58},"superFrameNumber":70}
UWB,1669368603563,{"position":{"x":-0.34885985,"y":2.4893289,"z":0.2569882,"quality":56},"superFrameNumber":80}
UWB,1669368604563,{"position":{"x":-0.38010934,"y":2.4810245,"z":0.28782877,"quality":58},"superFrameNumber":90}
UWB,1669368605562,{"position":{"x":-0.38433322,"y":2.4866979,"z":0.29315948,"quality":57},"superFrameNumber":100}
UWB,1669368606562,{"position":{"x":-0.35304582,"y":2.4861352,"z":0.27145162,"quality":55},"superFrameNumber":110}
UWB,1669368607563,{"position":{"x":-0.36663795,"y":2.522341,"z":0.23528312,"quality":58},"superFrameNumber":120}
UWB,1669368608562,{"position":{"x":-0.31954652,"y":2.5310004,"z":0.20173988,"quality":55},"superFrameNumber":130}
UWB,1669368609563,{"position":{"x":-0.27858853,"y":2.5544038,"z":0.16671273,"quality":55},"superFrameNumber":140}
UWB,1669368610563,{"position":{"x":-0.30395982,"y":2.5348923,"z":0.18210733,"quality":57},"superFrameNumber":150}
UWB,1669368611562,{"position":{"x":-0.2884286,"y":2.5274568,"z":0.19462615,"quality":55},"superFrameNumber":160}
UWB,1669368612563,{"position":{"x":-0.26303825,"y":2.5373373,"z":0.17201379,"quality":55},"superFrameNumber":170}
UWB,1669368613562,{"position":{"x":-0.24909019,"y":2.5212359,"z":0.18532309,"quality":54},"superFrameNumber":180}
UWB,1669368614562,{"position":{"x":-0.27292839,"y":2.52416,"z":0.18434297,"quality":57},"superFrameNumber":190}
UWB,1669368615563,{"position":{"x":-0.28198853,"y":2.5145664,"z":0.19529669,"quality":56},"superFrameNumber":200}
UWB,1669368616563,{"position":{"x":-0.26438349,"y":2.5441465,"z":0.16845262,"quality":56},"superFrameNumber":210}
UWB,1669368617562,{"position":{"x":-0.26305395,"y":2.5477746,"z":0.15944633,"quality":56},"superFrameNumber":220}
UWB,1669368618563,{"position":{"x":-0.26593244,"y":2.550024,"z":0.16204494,"quality":56},"superFrameNumber":230}
UWB,1669368619563,{"position":{"x":-0.24274154,"y":2.5668128,"z":0.12999035,"quality":55},"superFrameNumber":240}
UWB,1669368620563,{"position":{"x":-0.24689582,"y":2.5778835,"z":0.11840098,"quality":56},"superFrameNumber":250}
UWB,1669368621563,{"position":{"x":-0.24116015,"y":2.5715492,"z":0.10880785,"quality":56},"superFrameNumber":260}
UWB,1669368622563,{"position":{"x":-0.24411546,"y":2.5715737,"z":0.12010798,"quality":56},"superFrameNumber":270}
UWB,1669368623562,{"position":{"x":-0.28551167,"y":2.5540264,"z":0.14763008,"quality":58},"superFrameNumber":280}
UWB,1669368624563,{"position":{"x":-0.27843264,"y":2.5423529,"z":0.14565939,"quality":56},"superFrameNumber":290}
UWB,1669368625563,{"position":{"x":-0.26439589,"y":2.5384879,"z":0.13616288,"quality":55},"superFrameNumber":300}
UWB,1669368626562,{"position":{"x":-0.28342363,"y":2.520824,"z":0.16919136,"quality":56},"superFrameNumber":310}
UWB,1669368627563,{"position":{"x":-0.2601302,"y":2.5463264,"z":0.15976502,"quality":55},"superFrameNumber":320}
UWB,1669368628562,{"position":{"x":-0.26027972,"y":2.5478313,"z":0.15930429,"quality":56},"superFrameNumber":330}
UWB,1669368629562,{"position":{"x":-0.22386611,"y":2.5666797,"z":0.13994439,"quality":54},"superFrameNumber":340}
UWB,1669368630563,{"position":{"x":-0.23961556,"y":2.5739892,"z":0.13000515,"quality":57},"superFrameNumber":350}
UWB,1669368631563,{"position":{"x":-0.25273889,"y":2.5799043,"z":0.12615566,"quality":57},"superFrameNumber":360}
UWB,1669368632562,{"position":{"x":-0.25172192,"y":2.5810487,"z":0.12642887,"quality":56},"superFrameNumber":370}
UWB,1669368633562,{"position":{"x":-0.25257826,"y":2.5837224,"z":0.12228483,"quality":56},"superFrameNumber":380}
UWB,1669368634562,{"position":{"x":-0.258314,"y":2.5760305,"z":0.12738051,"quality":56},"superFrameNumber":390}
UWB,1669368635563,{"position":{"x":-0.26707214,"y":2.5773053,"z":0.11187028,"quality":57},"superFrameNumber":400}
UWB,1669368636563,{"position":{"x":-0.25211921,"y":2.5857894,"z":0.089328736,"quality":56},"superFrameNumber":410}
UWB,1669368637562,{"position":{"x":-0.25062311,"y":2.5919747,"z":0.079720378,"quality":56},"superFrameNumber":420}
UWB,1669368638563,{"position":{"x":-0.27627173,"y":2.5824525,"z":0.10826968,"quality":57},"superFrameNumber":430}
UWB,1669368639562,{"position":{"x":-0.29045415,"y":2.5658915,"z":0.1531717,"quality":56},"superFrameNumber":440}
UWB,1669368640562,{"position":{"x":-0.30989468,"y":2.569447,"z":0.16486055,"quality":57},"superFrameNumber":450}
UWB,1669368641563,{"position":{"x":-0.28438184,"y":2.5585964,"z":0.17094567,"quality":55},"superFrameNumber":460}
UWB,1669368642562,{"position":{"x":-0.26309493,"y":2.5629425,"z":0.14743569,"quality":55},"superFrameNumber":470}
UWB,1669368643562,{"position":{"x":-0.23484899,"y":2.5774627,"z":0.12509207,"quality":55},"superFrameNumber":480}
UWB,1669368644563,{"position":{"x":-0.23775676,"y":2.5757732,"z":0.11825611,"quality":56},"superFrameNumber":490}
UWB,1669368645562,{"position":{"x":-0.25606859,"y":2.5784378,"z":0.14032501,"quality":56},"superFrameNumber":500}
UWB,1669368646562,{"position":{"x":-0.28087389,"y":2.5777419,"z":0.1460225,"quality":57},"superFrameNumber":510}
UWB,1669368647563,{"position":{"x":-0.25911251,"y":2.5683897,"z":0.14105706,"quality":55},"superFrameNumber":520}
UWB,1669368648563,{"position":{"x":-0.25021222,"y":2.5569465,"z":0.14242932,"quality":55},"superFrameNumber":530}
UWB,1669368649563,{"position":{"x":-0.27521056,"y":2.5288911,"z":0.18953705,"quality":56},"superFrameNumber":540}
UWB,1669368650562,{"position":{"x":-0.29600355,"y":2.5394206,"z":0.18061535,"quality":57},"superFrameNumber":550}
UWB,1669368651563,{"position":{"x":-0.28815946,"y":2.5568478,"z":0.1592163,"quality":56},"superFrameNumber":560}
UWB,1669368652563,{"position":{"x":-0.25516361,"y":2.5435116,"z":0.18612994,"quality":53},"superFrameNumber":570}
UWB,1669368653563,{"position":{"x":-0.27946603,"y":2.5290802,"z":0.19412586,"quality":57},"superFrameNumber":580}
UWB,1669368654563,{"position":{"x":-0.28247115,"y":2.5258048,"z":0.18064387,"quality":56},"superFrameNumber":590}
UWB,1669368655562,{"position":{"x":-0.29818895,"y":2.5247014,"z":0.18920852,"quality":57},"superFrameNumber":600}
UWB,1669368656563,{"position":{"x":-0.35834271,"y":2.50938,"z":0.22252709,"quality":59},"superFrameNumber":610}
UWB,1669368657563,{"position":{"x":-0.35586739,"y":2.501586,"z":0.25178042,"quality":56},"superFrameNumber":620}
UWB,1669368658563,{"position":{"x":-0.34246939,"y":2.513926,"z":0.23435456,"quality":56},"superFrameNumber":630}
UWB,1669368659563,{"position":{"x":-0.33431968,"y":2.511431,"z":0.24718526,"quality":56},"superFrameNumber":640}
UWB,1669368660563,{"position":{"x":-0.30501482,"y":2.5368817,"z":0.22641529,"quality":55},"superFrameNumber":650}
UWB,1669368661563,{"position":{"x":-0.29819781,"y":2.5459161,"z":0.19444907,"quality":56},"superFrameNumber":660}
UWB,1669368662562,{"position":{"x":-0.31137523,"y":2.5163877,"z":0.22212306,"quality":56},"superFrameNumber":670}
UWB,1669368663563,{"position":{"x":-0.33923352,"y":2.5015011,"z":0.25878462,"quality":57},"superFrameNumber":680}
UWB,1669368664563,{"position":{"x":-0.30223587,"y":2.5109775,"z":0.22385235,"quality":55},"superFrameNumber":690}
UWB,1669368665563,{"position":{"x":-0.32691029,"y":2.4979024,"z":0.2561419,"quality":57},"superFrameNumber":700}
UWB,1669368666562,{"position":{"x":-0.32936904,"y":2.4925232,"z":0.25158948,"quality":56},"superFrameNumber":710}
UWB,1669368667563,{"position":{"x":-0.33441898,"y":2.5003333,"z":0.23548985,"quality":57},"superFrameNumber":720}
UWB,1669368668563,{"position":{"x":-0.30925241,"y":2.5301704,"z":0.19977991,"quality":56},"superFrameNumber":730}
UWB,1669368669563,{"position":{"x":-0.32599348,"y":2.5244339,"z":0.20375973,"quality":57},"superFrameNumber":740}
UWB,1669368670563,{"position":{"x":-0.32348508,"y":2.5247667,"z":0.21214932,"quality":56},"superFrameNumber":750}
UWB,1669368671563,{"position":{"x":-0.33730316,"y":2.5197015,"z":0.21414313,"quality":57},"superFrameNumber":760}
UWB,1669368672563,{"position":{"x":-0.28557011,"y":2.5480704,"z":0.17847705,"quality":54},"superFrameNumber":770}
UWB,1669368673563,{"position":{"x":-0.29385278,"y":2.5564733,"z":0.15290087,"quality":57},"superFrameNumber":780}
UWB,1669368674563,{"position":{"x":-0.2668241,"y":2.579962,"z":0.14390016,"quality":55},"superFrameNumber":790}
UWB,1669368675563,{"position":{"x":-0.24870278,"y":2.5900326,"z":0.12977678,"quality":55},"superFrameNumber":800}
UWB,1669368676563,{"position":{"x":-0.27320662,"y":2.5704372,"z":0.15678136,"quality":57},"superFrameNumber":810}
UWB,1669368677562,{"position":{"x":-0.28326446,"y":2.5721126,"z":0.15215273,"quality":57},"superFrameNumber":820}
UWB,1669368678563,{"position":{"x":-0.2910358,"y":2.5752,"z":0.14411774,"quality":57},"superFrameNumber":830}
UWB,1669368679563,{"position":{"x":-0.30000758,"y":2.5661004,"z":0.15683962,"quality":57},"superFrameNumber":840}
UWB,1669368680563,{"position":{"x":-0.28812245,"y":2.5448952,"z":0.17434882,"quality":55},"superFrameNumber":850}
UWB,1669368681563,{"position":{"x":-0.30620915,"y":2.5511992,"z":0.17372164,"quality":57},"superFrameNumber":860}
UWB,1669368682563,{"position":{"x":-0.32611179,"y":2.5431731,"z":0.16582336,"quality":58},"superFrameNumber":870}
UWB,1669368683562,{"position":{"x":-0.34246343,"y":2.5491145,"z":0.16976792,"quality":58},"superFrameNumber":880}
UWB,1669368684563,{"position":{"x":-0.29429692,"y":2.5656977,"z":0.14373344,"quality":55},"superFrameNumber":890}
UWB,1669368685563,{"position":{"x":-0.2731477,"y":2.5645456,"z":0.13046971,"quality":55},"superFrameNumber":900}
UWB,1669368686563,{"position":{"x":-0.28942233,"y":2.5719564,"z":0.1416001,"quality":57},"superFrameNumber":910}
UWB,1669368687563,{"position":{"x":-0.31956276,"y":2.5296042,"z":0.19274189,"quality":57},"superFrameNumber":920}
UWB,1669368688562,{"position":{"x":-0.31335378,"y":2.5348508,"z":0.1654795,"quality":57},"superFrameNumber":930}
UWB,1669368689563,{"position":{"x":-0.27938226,"y":2.5367219,"z":0.15247932,"quality":55},"superFrameNumber":940}
UWB,1669368690563,{"position":{"x":-0.28884944,"y":2.5180168,"z":0.20644413,"quality":55},"superFrameNumber":950}
UWB,1669368691563,{"position":{"x":-0.24674916,"y":2.5466328,"z":0.16849542,"quality":54},"superFrameNumber":960}
UWB,1669368692563,{"position":{"x":-0.28261882,"y":2.5595233,"z":0.15055157,"quality":58},"superFrameNumber":970}
UWB,1669368693563,{"position":{"x":-0.29497334,"y":2.5593824,"z":0.16907002,"quality":57},"superFrameNumber":980}
UWB,1669368694562,{"position":{"x":-0.30165708,"y":2.5676863,"z":0.16639888,"quality":57},"superFrameNumber":990}
UWB,1669368695563,{"position":{"x":-0.30628893,"y":2.551347,"z":0.17200558,"quality":56},"superFrameNumber":1000}
UWB,1669368696563,{"position":{"x":-0.3011778,"y":2.5415988,"z":0.16310135,"quality":56},"superFrameNumber":1010}
UWB,1669368697563,{"position":{"x":-0.31008205,"y":2.5037711,"z":0.22369225,"quality":55},"superFrameNumber":1020}
UWB,1669368698563,{"position":{"x":-0.30132365,"y":2.51194,"z":0.20315315,"quality":56},"superFrameNumber":1030}
UWB,1669368699562,{"position":{"x":-0.31456655,"y":2.5070829,"z":0.21289471,"quality":57},"superFrameNumber":1040}
UWB,1669368700563,{"position":{"x":-0.29028472,"y":2.5124009,"z":0.20023261,"quality":55},"superFrameNumber":1050}
UWB,1669368701563,{"position":{"x":-0.28141302,"y":2.5421991,"z":0.1659279,"quality":56},"superFrameNumber":1060}
UWB,1669368702563,{"position":{"x":-0.26320404,"y":2.5641854,"z":0.1472818,"quality":56},"superFrameNumber":1070}
UWB,1669368703563,{"position":{"x":-0.27532518,"y":2.5521781,"z":0.17527787,"quality":56},"superFrameNumber":1080}
UWB,1669368704563,{"position":{"x":-0.28320181,"y":2.5566192,"z":0.17036411,"quality":57},"superFrameNumber":1090}
UWB,1669368705562,{"position":{"x":-0.26472634,"y":2.5618894,"z":0.15674104,"quality":55},"superFrameNumber":1100}
UWB,1669368706563,{"position":{"x":-0.26190278,"y":2.5629411,"z":0.15192518,"quality":56},"superFrameNumber":1110}
UWB,1669368707563,{"position":{"x":-0.23565057,"y":2.5775273,"z":0.11668953,"quality":55},"superFrameNumber":1120}
UWB,1669368708563,{"position":{"x":-0.24844006,"y":2.568579,"z":0.1214241,"quality":56},"superFrameNumber":1130}
UWB,1669368709563,{"position":{"x":-0.22351612,"y":2.5538373,"z":0.11809208,"quality":54},"superFrameNumber":1140}
UWB,1669368710562,{"position":{"x":-0.2250322,"y":2.5627148,"z":0.11607955,"quality":56},"superFrameNumber":1150}
UWB,1669368711563,{"position":{"x":-0.244343,"y":2.5588551,"z":0.13183782,"quality":56},"superFrameNumber":1160}
UWB,1669368712563,{"position":{"x":-0.24554174,"y":2.5779769,"z":0.11516634,"quality":56},"superFrameNumber":1170}
UWB,1669368713563,{"position":{"x":-0.22927368,"y":2.5883729,"z":0.10610358,"quality":55},"superFrameNumber":1180}
UWB,1669368714563,{"position":{"x":-0.26304433,"y":2.5626364,"z":0.14528051,"quality":57},"superFrameNumber":1190}
UWB,1669368715562,{"position":{"x":-0.28115976,"y":2.5476179,"z":0.17978045,"quality":56},"superFrameNumber":1200}
UWB,1669368716563,{"position":{"x":-0.31361282,"y":2.5281022,"z":0.19369809,"quality":58},"superFrameNumber":1210}
UWB,1669368717564,{"position":{"x":-0.25461546,"y":2.5435092,"z":0.15061624,"quality":54},"superFrameNumber":1220}
UWB,1669368718563,{"position":{"x":-0.27564484,"y":2.55114,"z":0.14957792,"quality":57},"superFrameNumber":1230}
UWB,1669368719563,{"position":{"x":-0.27172047,"y":2.5575991,"z":0.14293583,"quality":56},"superFrameNumber":1240}
UWB,1669368720563,{"position":{"x":-0.28797668,"y":2.5363724,"z":0.16594821,"quality":56},"superFrameNumber":1250}
UWB,1669368721563,{"position":{"x":-0.31304914,"y":2.5234435,"z":0.18513757,"quality":57},"superFrameNumber":1260}
UWB,1669368722563,{"position":{"x":-0.30194402,"y":2.5273283,"z":0.16093063,"quality":56},"superFrameNumber":1270}
UWB,1669368723563,{"position":{"x":-0.31629094,"y":2.5209522,"z":0.18641669,"quality":57},"superFrameNumber":1280}
UWB,1669368724563,{"position":{"x":-0.34406325,"y":2.5131719,"z":0.20670132,"quality":58},"superFrameNumber":1290}
UWB,1669368725563,{"position":{"x":-0.34922633,"y":2.5342944,"z":0.17633291,"quality":58},"superFrameNumber":1300}
UWB,1669368726562,{"position":{"x":-0.34109953,"y":2.5247481,"z":0.19627522,"quality":56},"superFrameNumber":1310}
UWB,1669368727563,{"position":{"x":-0.31070465,"y":2.5545807,"z":0.15375163,"quality":56},"superFrameNumber":1320}
UWB,1669368728563,{"position":{"x":-0.31257224,"y":2.5472341,"z":0.16244453,"quality":56},"superFrameNumber":1330}
UWB,1669368729563,{"position":{"x":-0.30571339,"y":2.5492885,"z":0.15084128,"quality":56},"superFrameNumber":1340}
UWB,1669368730563,{"position":{"x":-0.28657863,"y":2.5533264,"z":0.13887906,"quality":56},"superFrameNumber":1350}
UWB,1669368731563,{"position":{"x":-0.30805588,"y":2.5370376,"z":0.1586448,"quality":57},"superFrameNumber":1360}
UWB,1669368732562,{"position":{"x":-0.28294402,"y":2.5297229,"z":0.14613293,"quality":55},"superFrameNumber":1370}
UWB,1669368733564,{"position":{"x":-0.2999329,"y":2.5108206,"z":0.2017478,"quality":56},"superFrameNumber":1380}
UWB,1669368734563,{"position":{"x":-0.27241585,"y":2.5292163,"z":0.1794237,"quality":55},"superFrameNumber":1390}
UWB,1669368735563,{"position":{"x":-0.28224555,"y":2.5473967,"z":0.16645952,"quality":57},"superFrameNumber":1400}
UWB,1669368736563,{"position":{"x":-0.26335764,"y":2.5565879,"z":0.1535012,"quality":55},"superFrameNumber":1410}
UWB,1669368737562,{"position":{"x":-0.27840468,"y":2.5339558,"z":0.16739865,"quality":56},"superFrameNumber":1420}
UWB,1669368738564,{"position":{"x":-0.26876852,"y":2.5343165,"z":0.1683729,"quality":55},"superFrameNumber":1430}
UWB,1669368739563,{"position":{"x":-0.25401062,"y":2.541316,"z":0.16882996,"quality":55},"superFrameNumber":0}
UWB,1669368740563,{"position":{"x":-0.26179218,"y":2.5512903,"z":0.16078147,"quality":56},"superFrameNumber":10}
UWB,1669368741563,{"position":{"x":-0.24856682,"y":2.5611055,"z":0.15515521,"quality":55},"superFrameNumber":20}
UWB,1669368742563,{"position":{"x":-0.27694356,"y":2.5691073,"z":0.13512559,"quality":58},"superFrameNumber":30}
UWB,1669368743562,{"position":{"x":-0.26736423,"y":2.5771255,"z":0.12703022,"quality":56},"superFrameNumber":40}
UWB,1669368744563,{"position":{"x":-0.27157825,"y":2.5671227,"z":0.12664725,"quality":56},"superFrameNumber":50}
UWB,1669368745563,{"position":{"x":-0.30551574,"y":2.5295918,"z":0.19331013,"quality":57},"superFrameNumber":60}
UWB,1669368746563,{"position":{"x":-0.32588467,"y":2.5203073,"z":0.21327806,"quality":57},"superFrameNumber":70}
UWB,1669368747563,{"position":{"x":-0.30592975,"y":2.5370483,"z":0.19071333,"quality":56},"superFrameNumber":80}
UWB,1669368748562,{"position":{"x":-0.33549911,"y":2.5291803,"z":0.21449569,"quality":58},"superFrameNumber":90}
UWB,1669368749563,{"position":{"x":-0.31334615,"y":2.5437036,"z":0.18560275,"quality":56},"superFrameNumber":100}
UWB,1669368750564,{"position":{"x":-0.33821246,"y":2.4994516,"z":0.24909042,"quality":57},"superFrameNumber":110}
UWB,1669368751563,{"position":{"x":-0.35466352,"y":2.4762559,"z":0.27365455,"quality":57},"superFrameNumber":120}
UWB,1669368752563,{"position":{"x":-0.3569271,"y":2.4726198,"z":0.26919255,"quality":57},"superFrameNumber":130}
UWB,1669368753563,{"position":{"x":-0.33199421,"y":2.499676,"z":0.25158927,"quality":56},"superFrameNumber":140}
UWB,1669368754562,{"position":{"x":-0.36150604,"y":2.4768653,"z":0.29703137,"quality":57},"superFrameNumber":150}
UWB,1669368755563,{"position":{"x":-0.37517419,"y":2.4441836,"z":0.31649256,"quality":57},"superFrameNumber":160}
UWB,1669368756563,{"position":{"x":-0.3944422,"y":2.4374912,"z":0.36019766,"quality":57},"superFrameNumber":170}
UWB,1669368757563,{"position":{"x":-0.39598486,"y":2.4418421,"z":0.34685934,"quality":57},"superFrameNumber":180}
UWB,1669368758563,{"position":{"x":-0.35988221,"y":2.4656236,"z":0.30071977,"quality":56},"superFrameNumber":190}
UWB,1669368759562,{"position":{"x":-0.39152429,"y":2.48243,"z":0.2815589,"quality":59},"superFrameNumber":200}
UWB,1669368760564,{"position":{"x":-0.40313739,"y":2.4726431,"z":0.31828544,"quality":57},"superFrameNumber":210}
UWB,1669368761563,{"position":{"x":-0.39705747,"y":2.4727652,"z":0.30115759,"quality":57},"superFrameNumber":220}
UWB,1669368762563,{"position":{"x":-0.33088711,"y":2.5020378,"z":0.24267951,"quality":54},"superFrameNumber":230}
UWB,1669368763563,{"position":{"x":-0.36791635,"y":2.4689336,"z":0.29189816,"quality":58},"superFrameNumber":240}
UWB,1669368764563,{"position":{"x":-0.31193224,"y":2.4947674,"z":0.25216427,"quality":54},"superFrameNumber":250}
UWB,1669368765562,{"position":{"x":-0.31153008,"y":2.4970286,"z":0.24375519,"quality":56},"superFrameNumber":260}
UWB,1669368766563,{"position":{"x":-0.33362481,"y":2.4824252,"z":0.25926059,"quality":57},"superFrameNumber":270}
UWB,1669368767563,{"position":{"x":-0.33537832,"y":2.4694223,"z":0.28887883,"quality":56},"superFrameNumber":280}
UWB,1669368768563,{"position":{"x":-0.31315374,"y":2.4947429,"z":0.24109617,"quality":56},"superFrameNumber":290}
UWB,1669368769563,{"position":{"x":-0.32217702,"y":2.497375,"z":0.24062921,"quality":57},"superFrameNumber":300}
UWB,1669368770562,{"position":{"x":-0.27552816,"y":2.5224192,"z":0.21349457,"quality":54},"superFrameNumber":310}
UWB,1669368771564,{"position":{"x":-0.29644832,"y":2.5196021,"z":0.21398321,"quality":57},"superFrameNumber":320}
UWB,1669368772563,{"position":{"x":-0.31750855,"y":2.515655,"z":0.22005306,"quality":57},"superFrameNumber":330}
UWB,1669368773563,{"position":{"x":-0.2993229,"y":2.5285308,"z":0.20079526,"quality":56},"superFrameNumber":340}
UWB,1669368774563,{"position":{"x":-0.27747092,"y":2.5505147,"z":0.16625708,"quality":56},"superFrameNumber":350}
UWB,1669368775562,{"position":{"x":-0.27011162,"y":2.543268,"z":0.16658314,"quality":55},"superFrameNumber":360}
UWB,1669368776564,{"position":{"x":-0.28959185,"y":2.5329475,"z":0.19012761,"quality":57},"superFrameNumber":370}
UWB,1669368777563,{"position":{"x":-0.32291058,"y":2.5188751,"z":0.21422325,"quality":58},"superFrameNumber":380}
UWB,1669368778563,{"position":{"x":-0.31441051,"y":2.5243816,"z":0.19903409,"quality":56},"superFrameNumber":390}
UWB,1669368779563,{"position":{"x":-0.29653484,"y":2.5333059,"z":0.19567807,"quality":55},"superFrameNumber":400}
UWB,1669368780563,{"position":{"x":-0.28477004,"y":2.5362666,"z":0.18434685,"quality":56},"superFrameNumber":410}
UWB,1669368781563,{"position":{"x":-0.26374754,"y":2.5450494,"z":0.1671714,"quality":55},"superFrameNumber":420}
UWB,1669368782564,{"position":{"x":-0.29958609,"y":2.555717,"z":0.16816267,"quality":58},"superFrameNumber":430}
UWB,1669368783563,{"position":{"x":-0.27300087,"y":2.5658622,"z":0.15220129,"quality":55},"superFrameNumber":440}
UWB,1669368784563,{"position":{"x":-0.30470151,"y":2.5672517,"z":0.16242765,"quality":58},"superFrameNumber":450}
UWB,1669368785563,{"position":{"x":-0.30275115,"y":2.5775647,"z":0.15897799,"quality":57},"superFrameNumber":460}
UWB,1669368786562,{"position":{"x":-0.31651267,"y":2.5661702,"z":0.16960637,"quality":57},"superFrameNumber":470}
UWB,1669368787564,{"position":{"x":-0.29455107,"y":2.5511241,"z":0.18035094,"quality":55},"superFrameNumber":480}
UWB,1669368788563,{"position":{"x":-0.34441891,"y":2.5357168,"z":0.20138367,"quality":59},"superFrameNumber":490}
UWB,1669368789563,{"position":{"x":-0.352434,"y":2.5378613,"z":0.19567353,"quality":57},"superFrameNumber":500}
UWB,1669368790563,{"position":{"x":-0.33473277,"y":2.5475724,"z":0.18441644,"quality":56},"superFrameNumber":510}
UWB,1669368791563,{"position":{"x":-0.22598371,"y":2.5084934,"z":0.23363382,"quality":48},"superFrameNumber":520}
UWB,1669368792564,{"position":{"x":-0.23941569,"y":2.5191872,"z":0.21983153,"quality":56},"superFrameNumber":530}
UWB,1669368793563,{"position":{"x":-0.28701937,"y":2.4925334,"z":0.25282979,"quality":57},"superFrameNumber":540}
UWB,1669368794563,{"position":{"x":-0.28818426,"y":2.5072949,"z":0.21211408,"quality":57},"superFrameNumber":550}
UWB,1669368795563,{"position":{"x":-0.26303187,"y":2.5063586,"z":0.20569685,"quality":54},"superFrameNumber":560}
UWB,1669368796563,{"position":{"x":-0.2232462,"y":2.5106049,"z":0.18564114,"quality":53},"superFrameNumber":570}
UWB,1669368797562,{"position":{"x":-0.21676576,"y":2.5359492,"z":0.15801325,"quality":55},"superFrameNumber":580}
UWB,1669368798564,{"position":{"x":-0.20694754,"y":2.5570831,"z":0.13983883,"quality":55},"superFrameNumber":590}
UWB,1669368799563,{"position":{"x":-0.24891612,"y":2.5516665,"z":0.15679312,"quality":57},"superFrameNumber":600}
UWB,1669368800563,{"position":{"x":-0.24755104,"y":2.5603478,"z":0.14655593,"quality":56},"superFrameNumber":610}
UWB,1669368801563,{"position":{"x":-0.2615245,"y":2.5705497,"z":0.139764,"quality":57},"superFrameNumber":620}
UWB,1669368802563,{"position":{"x":-0.27973938,"y":2.5220435,"z":0.18073595,"quality":56},"superFrameNumber":630}
UWB,1669368803562,{"position":{"x":-0.28255159,"y":2.5357115,"z":0.18582644,"quality":56},"superFrameNumber":640}
UWB,1669368804563,{"position":{"x":-0.25562796,"y":2.5548594,"z":0.15745723,"quality":55},"superFrameNumber":650}
UWB,1669368805563,{"position":{"x":-0.20339414,"y":2.5684991,"z":0.13974002,"quality":53},"superFrameNumber":660}
UWB,1669368806563,{"position":{"x":-0.22132178,"y":2.5631442,"z":0.15903021,"quality":56},"superFrameNumber":670}
UWB,1669368807563,{"position":{"x":-0.24605319,"y":2.566412,"z":0.16463113,"quality":57},"superFrameNumber":680}
UWB,1669368808562,{"position":{"x":-0.22568783,"y":2.578433,"z":0.13262711,"quality":55},"superFrameNumber":690}
UWB,1669368809564,{"position":{"x":-0.24807203,"y":2.5799425,"z":0.12344935,"quality":57},"superFrameNumber":700}
UWB,1669368810563,{"position":{"x":-0.25135449,"y":2.5768838,"z":0.11249059,"quality":56},"superFrameNumber":710}
UWB,1669368811563,{"position":{"x":-0.28305995,"y":2.5560637,"z":0.15396844,"quality":57},"superFrameNumber":720}
UWB,1669368812563,{"position":{"x":-0.29968441,"y":2.5125055,"z":0.20966959,"quality":56},"superFrameNumber":730}
UWB,1669368813563,{"position":{"x":-0.33990279,"y":2.5104432,"z":0.24603607,"quality":58},"superFrameNumber":740}
UWB,1669368814562,{"position":{"x":-0.33081251,"y":2.4996791,"z":0.23765805,"quality":56},"superFrameNumber":750}
UWB,1669368815563,{"position":{"x":-0.33245179,"y":2.4947486,"z":0.24913448,"quality":56},"superFrameNumber":760}
UWB,1669368816563,{"position":{"x":-0.33475181,"y":2.5021639,"z":0.24558942,"quality":57},"superFrameNumber":770}
UWB,1669368817563,{"position":{"x":-0.33852431,"y":2.4996698,"z":0.2383565,"quality":57},"superFrameNumber":780}
UWB,1669368818563,{"position":{"x":-0.32136422,"y":2.5256283,"z":0.20463698,"quality":56},"superFrameNumber":790}
UWB,1669368819562,{"position":{"x":-0.32209951,"y":2.5407615,"z":0.19340882,"quality":57},"superFrameNumber":800}
UWB,1669368820564,{"position":{"x":-0.32027441,"y":2.5370924,"z":0.2105201,"quality":56},"superFrameNumber":810}
UWB,1669368821563,{"position":{"x":-0.31205702,"y":2.5394957,"z":0.20646757,"quality":56},"superFrameNumber":820}
UWB,1669368822563,{"position":{"x":-0.2830354,"y":2.5422595,"z":0.19302234,"quality":55},"superFrameNumber":830}
UWB,1669368823563,{"position":{"x":-0.26002526,"y":2.5523343,"z":0.16350533,"quality":55},"superFrameNumber":840}
UWB,1669368824563,{"position":{"x":-0.25967184,"y":2.558974,"z":0.16282475,"quality":56},"superFrameNumber":850}
UWB,1669368825562,{"position":{"x":-0.29276291,"y":2.5460627,"z":0.18298547,"quality":57},"superFrameNumber":860}
UWB,1669368826563,{"position":{"x":-0.29062727,"y":2.5502772,"z":0.17375174,"quality":56},"superFrameNumber":870}
UWB,1669368827563,{"position":{"x":-0.29355946,"y":2.530601,"z":0.19026908,"quality":56},"superFrameNumber":880}
UWB,1669368828563,{"position":{"x":-0.32965288,"y":2.5086937,"z":0.23888558,"quality":57},"superFrameNumber":890}
UWB,1669368829563,{"position":{"x":-0.30367386,"y":2.5272665,"z":0.21282655,"quality":55},"superFrameNumber":900}
UWB,1669368830563,{"position":{"x":-0.31714821,"y":2.4985237,"z":0.26196238,"quality":56},"superFrameNumber":910}
UWB,1669368831563,{"position":{"x":-0.33916664,"y":2.5028594,"z":0.25059253,"quality":58},"superFrameNumber":920}
UWB,1669368832563,{"position":{"x":-0.30304182,"y":2.5204816,"z":0.22005542,"quality":55},"superFrameNumber":930}
UWB,1669368833563,{"position":{"x":-0.29311627,"y":2.5148032,"z":0.21189055,"quality":55},"superFrameNumber":940}
UWB,1669368834563,{"position":{"x":-0.2908923,"y":2.5305016,"z":0.19839138,"quality":56},"superFrameNumber":950}
UWB,1669368835562,{"position":{"x":-0.34829271,"y":2.5027583,"z":0.26555607,"quality":59},"superFrameNumber":960}
UWB,1669368836564,{"position":{"x":-0.33196932,"y":2.4947703,"z":0.25659972,"quality":56},"superFrameNumber":970}
UWB,1669368837563,{"position":{"x":-0.31507233,"y":2.5037334,"z":0.239848,"quality":56},"superFrameNumber":980}
UWB,1669368838563,{"position":{"x":-0.27877831,"y":2.5300052,"z":0.1910924,"quality":55},"superFrameNumber":990}
UWB,1669368839563,{"position":{"x":-0.21270904,"y":2.5488272,"z":0.15595838,"quality":53},"superFrameNumber":1000}
UWB,1669368840563,{"position":{"x":-0.23676437,"y":2.5548,"z":0.1611028,"quality":57},"superFrameNumber":1010}
UWB,1669368841563,{"position":{"x":-0.25386554,"y":2.5647674,"z":0.15705179,"quality":57},"superFrameNumber":1020}
UWB,1669368842563,{"position":{"x":-0.24262185,"y":2.5647893,"z":0.14719833,"quality":55},"superFrameNumber":1030}
UWB,1669368843563,{"position":{"x":-0.25738066,"y":2.5718405,"z":0.13094632,"quality":57},"superFrameNumber":1040}
UWB,1669368844563,{"position":{"x":-0.24621212,"y":2.5771952,"z":0.12588242,"quality":55},"superFrameNumber":1050}
UWB,1669368845563,{"position":{"x":-0.2498572,"y":2.5826466,"z":0.12356063,"quality":56},"superFrameNumber":1060}
UWB,1669368846563,{"position":{"x":-0.26594424,"y":2.5487542,"z":0.14530627,"quality":56},"superFrameNumber":1070}
UWB,1669368847563,{"position":{"x":-0.25725693,"y":2.5346231,"z":0.16098787,"quality":55},"superFrameNumber":1080}
UWB,1669368848563,{"position":{"x":-0.24359094,"y":2.554388,"z":0.14307383,"quality":55},"superFrameNumber":1090}
UWB,1669368849563,{"position":{"x":-0.24592561,"y":2.5648916,"z":0.13107206,"quality":56},"superFrameNumber":1100}
UWB,1669368850563,{"position":{"x":-0.23861252,"y":2.5701392,"z":0.13677061,"quality":55},"superFrameNumber":1110}
UWB,1669368851563,{"position":{"x":-0.25452822,"y":2.559823,"z":0.14366779,"quality":56},"superFrameNumber":1120}
UWB,1669368852563,{"position":{"x":-0.25089881,"y":2.5579681,"z":0.1343421,"quality":56},"superFrameNumber":1130}
UWB,1669368853563,{"position":{"x":-0.25656912,"y":2.5475969,"z":0.14117719,"quality":56},"superFrameNumber":1140}
UWB,1669368854563,{"position":{"x":-0.24720244,"y":2.5589998,"z":0.12773041,"quality":56},"superFrameNumber":1150}
UWB,1669368855563,{"position":{"x":-0.26672044,"y":2.5489979,"z":0.14961076,"quality":56},"superFrameNumber":1160}
UWB,1669368856563,{"position":{"x":-0.33178541,"y":2.5280578,"z":0.1785723,"quality":59},"superFrameNumber":1170}
UWB,1669368857563,{"position":{"x":-0.33082822,"y":2.5140946,"z":0.20737359,"quality":56},"superFrameNumber":1180}
UWB,1669368858564,{"position":{"x":-0.33021593,"y":2.5141401,"z":0.20701794,"quality":57},"superFrameNumber":1190}
UWB,1669368859563,{"position":{"x":-0.36990508,"y":2.4880054,"z":0.25853053,"quality":58},"superFrameNumber":1200}
UWB,1669368860563,{"position":{"x":-0.35222819,"y":2.5021565,"z":0.23952311,"quality":56},"superFrameNumber":1210}
UWB,1669368861564,{"position":{"x":-0.30845743,"y":2.53492,"z":0.20657353,"quality":55},"superFrameNumber":1220}
UWB,1669368862563,{"position":{"x":-0.31597695,"y":2.5416689,"z":0.22278896,"quality":57},"superFrameNumber":1230}
UWB,1669368863563,{"position":{"x":-0.31871343,"y":2.5409522,"z":0.21584305,"quality":57},"superFrameNumber":1240}
UWB,1669368864563,{"position":{"x":-0.31739137,"y":2.5341644,"z":0.21714512,"quality":56},"superFrameNumber":1250}
UWB,1669368865563,{"position":{"x":-0.28961617,"y":2.5379205,"z":0.18756914,"quality":55},"superFrameNumber":1260}
UWB,1669368866563,{"position":{"x":-0.27525154,"y":2.5421059,"z":0.18252529,"quality":55},"superFrameNumber":1270}
UWB,1669368867563,{"position":{"x":-0.27703714,"y":2.5588269,"z":0.15528329,"quality":57},"superFrameNumber":1280}
UWB,1669368868563,{"position":{"x":-0.25239769,"y":2.5710728,"z":0.12624522,"quality":55},"superFrameNumber":1290}
UWB,1669368869563,{"position":{"x":-0.27300534,"y":2.5484796,"z":0.15038633,"quality":56},"superFrameNumber":1300}
UWB,1669368870563,{"position":{"x":-0.27752796,"y":2.5624332,"z":0.12909164,"quality":57},"superFrameNumber":1310}
UWB,1669368871565,{"position":{"x":-0.27302358,"y":2.5683668,"z":0.13243955,"quality":56},"superFrameNumber":1320}
UWB,1669368872564,{"position":{"x":-0.26238993,"y":2.566514,"z":0.13480386,"quality":55},"superFrameNumber":1330}
UWB,1669368873563,{"position":{"x":-0.26372939,"y":2.5578148,"z":0.12772708,"quality":56},"superFrameNumber":1340}
UWB,1669368874563,{"position":{"x":-0.26829818,"y":2.5664537,"z":0.11388198,"quality":57},"superFrameNumber":1350}
UWB,1669368875564,{"position":{"x":-0.2843686,"y":2.5650151,"z":0.13888367,"quality":57},"superFrameNumber":1360}
UWB,1669368876563,{"position":{"x":-0.27839169,"y":2.5788841,"z":0.1179146,"quality":56},"superFrameNumber":1370}
UWB,1669368877563,{"position":{"x":-0.27247682,"y":2.5798023,"z":0.11706984,"quality":56},"superFrameNumber":1380}
UWB,1669368878564,{"position":{"x":-0.24452575,"y":2.5845246,"z":0.10422592,"quality":55},"superFrameNumber":1390}
UWB,1669368879563,{"position":{"x":-0.26345617,"y":2.5870082,"z":0.12727422,"quality":57},"superFrameNumber":1400}
UWB,1669368880564,{"position":{"x":-0.25197989,"y":2.5888252,"z":0.1069162,"quality":56},"superFrameNumber":1410}
UWB,1669368881564,{"position":{"x":-0.26232156,"y":2.5887487,"z":0.097982377,"quality":57},"superFrameNumber":1420}
UWB,1669368882563,{"position":{"x":-0.30086839,"y":2.5594304,"z":0.1467744,"quality":57},"superFrameNumber":1430}
UWB,1669368883564,{"position":{"x":-0.2819787,"y":2.5657818,"z":0.14713778,"quality":55},"superFrameNumber":0}
UWB,1669368884564,{"position":{"x":-0.28984055,"y":2.5720909,"z":0.12799425,"quality":57},"superFrameNumber":10}
UWB,1669368885563,{"position":{"x":-0.30271292,"y":2.5718815,"z":0.13369499,"quality":57},"superFrameNumber":20}
UWB,1669368886564,{"position":{"x":-0.25815406,"y":2.5821667,"z":0.11694428,"quality":54},"superFrameNumber":30}
UWB,1669368887564,{"position":{"x":-0.27089474,"y":2.5868936,"z":0.11778691,"quality":57},"superFrameNumber":40}
UWB,1669368888564,{"position":{"x":-0.26899719,"y":2.5803206,"z":0.1311069,"quality":56},"superFrameNumber":50}
UWB,1669368889564,{"position":{"x":-0.27947736,"y":2.5410345,"z":0.17478934,"quality":56},"superFrameNumber":60}
UWB,1669368890563,{"position":{"x":-0.27237996,"y":2.5359004,"z":0.17139044,"quality":55},"superFrameNumber":70}
UWB,1669368891564,{"position":{"x":-0.28582257,"y":2.5585296,"z":0.16455212,"quality":57},"superFrameNumber":80}
UWB,1669368892564,{"position":{"x":-0.28852451,"y":2.5538986,"z":0.16648167,"quality":56},"superFrameNumber":90}
UWB,1669368893564,{"position":{"x":-0.30378556,"y":2.549125,"z":0.17387839,"quality":57},"superFrameNumber":100}
UWB,1669368894564,{"position":{"x":-0.28064239,"y":2.5474408,"z":0.13753232,"quality":56},"superFrameNumber":110}
UWB,1669368895563,{"position":{"x":-0.29543826,"y":2.545624,"z":0.14365681,"quality":57},"superFrameNumber":120}
UWB,1669368896564,{"position":{"x":-0.30717555,"y":2.5411367,"z":0.17792353,"quality":56},"superFrameNumber":130}
UWB,1669368897564,{"position":{"x":-0.32538968,"y":2.5468965,"z":0.16095604,"quality":58},"superFrameNumber":140}
UWB,1669368898564,{"position":{"x":-0.30090702,"y":2.5386565,"z":0.14829528,"quality":55},"superFrameNumber":150}
UWB,1669368899564,{"position":{"x":-0.27170542,"y":2.5586874,"z":0.12336612,"quality":55},"superFrameNumber":160}
UWB,1669368900564,{"position":{"x":-0.29202008,"y":2.548243,"z":0.1502912,"quality":57},"superFrameNumber":170}
UWB,1669368901564,{"position":{"x":-0.31066149,"y":2.5475757,"z":0.16475217,"quality":57},"superFrameNumber":180}
UWB,1669368902564,{"position":{"x":-0.28812951,"y":2.5642164,"z":0.16032113,"quality":55},"superFrameNumber":190}
UWB,1669368903564,{"position":{"x":-0.32275882,"y":2.5636771,"z":0.17726457,"quality":58},"superFrameNumber":200}
UWB,1669368904564,{"position":{"x":-0.29384115,"y":2.5646522,"z":0.15530209,"quality":55},"superFrameNumber":210}
UWB,1669368905564,{"position":{"x":-0.24274078,"y":2.5641618,"z":0.12723203,"quality":54},"superFrameNumber":220}
UWB,1669368906563,{"position":{"x":-0.24682191,"y":2.5673783,"z":0.13221896,"quality":56},"superFrameNumber":230}
UWB,1669368907564,{"position":{"x":-0.27818233,"y":2.5637386,"z":0.15296014,"quality":57},"superFrameNumber":240}
UWB,1669368908564,{"position":{"x":-0.30390373,"y":2.550617,"z":0.15905875,"quality":57},"superFrameNumber":250}
UWB,1669368909564,{"position":{"x":-0.29797643,"y":2.5382676,"z":0.16753539,"quality":56},"superFrameNumber":260}
UWB,1669368910564,{"position":{"x":-0.28472725,"y":2.5425994,"z":0.17579372,"quality":55},"superFrameNumber":270}
UWB,1669368911564,{"position":{"x":-0.29754564,"y":2.5371552,"z":0.18958378,"quality":57},"superFrameNumber":280}
UWB,1669368912564,{"position":{"x":-0.27472967,"y":2.5487013,"z":0.15110257,"quality":56},"superFrameNumber":290}
UWB,1669368913564,{"position":{"x":-0.28537697,"y":2.5313561,"z":0.17096499,"quality":56},"superFrameNumber":300}
UWB,1669368914564,{"position":{"x":-0.32520691,"y":2.4993951,"z":0.21389283,"quality":58},"superFrameNumber":310}
UWB,1669368915564,{"position":{"x":-0.34459728,"y":2.5000064,"z":0.22380304,"quality":57},"superFrameNumber":320}
UWB,1669368916564,{"position":{"x":-0.32555121,"y":2.5298381,"z":0.18622896,"quality":57},"superFrameNumber":330}
UWB,1669368917563,{"position":{"x":-0.31353062,"y":2.5524406,"z":0.15405534,"quality":57},"superFrameNumber":340}
UWB,1669368918564,{"position":{"x":-0.28860936,"y":2.5594304,"z":0.13164726,"quality":56},"superFrameNumber":350}
UWB,1669368919564,{"position":{"x":-0.30440015,"y":2.5497997,"z":0.16337745,"quality":57},"superFrameNumber":360}
UWB,1669368920564,{"position":{"x":-0.30612257,"y":2.5522594,"z":0.14896536,"quality":57},"superFrameNumber":370}
UWB,1669368921564,{"position":{"x":-0.30270609,"y":2.5597115,"z":0.15398379,"quality":56},"superFrameNumber":380}
UWB,1669368922564,{"position":{"x":-0.27443153,"y":2.5445786,"z":0.16582437,"quality":54},"superFrameNumber":390}
UWB,1669368923563,{"position":{"x":-0.28832829,"y":2.5419614,"z":0.1707965,"quality":57},"superFrameNumber":400}
UWB,1669368924564,{"position":{"x":-0.29797107,"y":2.5403566,"z":0.15952066,"quality":57},"superFrameNumber":410}
UWB,1669368925564,{"position":{"x":-0.24367429,"y":2.5561192,"z":0.1440811,"quality":53},"superFrameNumber":420}
UWB,1669368926564,{"position":{"x":-0.2268046,"y":2.5623567,"z":0.15323642,"quality":54},"superFrameNumber":430}
UWB,1669368927564,{"position":{"x":-0.25892591,"y":2.566597,"z":0.15645038,"quality":57},"superFrameNumber":440}
UWB,1669368928563,{"position":{"x":-0.26547864,"y":2.5601132,"z":0.14342675,"quality":56},"superFrameNumber":450}
UWB,1669368929564,{"position":{"x":-0.30798429,"y":2.5105555,"z":0.20707367,"quality":57},"superFrameNumber":460}
UWB,1669368930564,{"position":{"x":-0.29532358,"y":2.527858,"z":0.18499777,"quality":56},"superFrameNumber":470}
UWB,1669368931564,{"position":{"x":-0.30012754,"y":2.5196471,"z":0.18424833,"quality":56},"superFrameNumber":480}
UWB,1669368932564,{"position":{"x":-0.2798515,"y":2.5129044,"z":0.17927909,"quality":55},"superFrameNumber":490}
UWB,1669368933564,{"position":{"x":-0.34277666,"y":2.4869268,"z":0.26074672,"quality":59},"superFrameNumber":500}
UWB,1669368934563,{"position":{"x":-0.36959288,"y":2.4645503,"z":0.30162412,"quality":57},"superFrameNumber":510}
UWB,1669368935564,{"position":{"x":-0.34660164,"y":2.4799871,"z":0.26120904,"quality":56},"superFrameNumber":520}
UWB,1669368936564,{"position":{"x":-0.31309691,"y":2.5169046,"z":0.20778583,"quality":56},"superFrameNumber":530}
UWB,1669368937564,{"position":{"x":-0.29623288,"y":2.5367858,"z":0.19146813,"quality":56},"superFrameNumber":540}
UWB,1669368938564,{"position":{"x":-0.31331724,"y":2.5455933,"z":0.19634458,"quality":57},"superFrameNumber":550}
UWB,1669368939563,{"position":{"x":-0.29325655,"y":2.5459821,"z":0.18158568,"quality":55},"superFrameNumber":560}
UWB,1669368940564,{"position":{"x":-0.27313343,"y":2.5406127,"z":0.16979246,"quality":55},"superFrameNumber":570}
UWB,1669368941564,{"position":{"x":-0.28207439,"y":2.5393629,"z":0.18072006,"quality":56},"superFrameNumber":580}
UWB,1669368942564,{"position":{"x":-0.27534264,"y":2.5515394,"z":0.16226655,"quality":56},"superFrameNumber":590}
UWB,1669368943564,{"position":{"x":-0.27963665,"y":2.5388334,"z":0.16433282,"quality":56},"superFrameNumber":600}
UWB,1669368944564,{"position":{"x":-0.22426118,"y":2.5485513,"z":0.15740766,"quality":53},"superFrameNumber":610}
UWB,1669368945563,{"position":{"x":-0.26460445,"y":2.5088737,"z":0.21730883,"quality":56},"superFrameNumber":620}
UWB,1669368946564,{"position":{"x":-0.25566173,"y":2.5384645,"z":0.18141738,"quality":56},"superFrameNumber":630}
UWB,1669368947564,{"position":{"x":-0.24952555,"y":2.5558047,"z":0.15523031,"quality":56},"superFrameNumber":640}
UWB,1669368948564,{"position":{"x":-0.27840781,"y":2.5696483,"z":0.15727733,"quality":58},"superFrameNumber":650}
UWB,1669368949564,{"position":{"x":-0.33187488,"y":2.5520203,"z":0.20606567,"quality":59},"superFrameNumber":660}
UWB,1669368950563,{"position":{"x":-0.33450273,"y":2.5014036,"z":0.2480108,"quality":56},"superFrameNumber":670}
UWB,1669368951564,{"position":{"x":-0.34032634,"y":2.5090492,"z":0.23638098,"quality":57},"superFrameNumber":680}
UWB,1669368952564,{"position":{"x":-0.32241717,"y":2.5099037,"z":0.24402352,"quality":55},"superFrameNumber":690}
UWB,1669368953564,{"position":{"x":-0.32300785,"y":2.5275896,"z":0.21880282,"quality":57},"superFrameNumber":700}
UWB,1669368954564,{"position":{"x":-0.28480768,"y":2.5465291,"z":0.17123523,"quality":55},"superFrameNumber":710}
UWB,1669368955563,{"position":{"x":-0.34044322,"y":2.509552,"z":0.24616578,"quality":58},"superFrameNumber":720}
UWB,1669368956564,{"position":{"x":-0.30690286,"y":2.5335405,"z":0.19790415,"quality":56},"superFrameNumber":730}
UWB,1669368957564,{"position":{"x":-0.29114071,"y":2.5383019,"z":0.18728289,"quality":56},"superFrameNumber":740}
UWB,1669368958564,{"position":{"x":-0.29506347,"y":2.5416155,"z":0.17567711,"quality":57},"superFrameNumber":750}
UWB,1669368959564,{"position":{"x":-0.27013594,"y":2.5562582,"z":0.14060189,"quality":55},"superFrameNumber":760}
UWB,1669368960564,{"position":{"x":-0.23273468,"y":2.5479703,"z":0.13724805,"quality":54},"superFrameNumber":770}
UWB,1669368961564,{"position":{"x":-0.23643485,"y":2.5418541,"z":0.14822367,"quality":55},"superFrameNumber":780}
UWB,1669368962564,{"position":{"x":-0.24636146,"y":2.5366721,"z":0.15412772,"quality":56},"superFrameNumber":790}
UWB,1669368963564,{"position":{"x":-0.28471836,"y":2.5464752,"z":0.14796035,"quality":58},"superFrameNumber":800}
UWB,1669368964564,{"position":{"x":-0.27338752,"y":2.5610874,"z":0.13138111,"quality":56},"superFrameNumber":810}
UWB,1669368965564,{"position":{"x":-0.290376,"y":2.555222,"z":0.14620459,"quality":57},"superFrameNumber":820}
UWB,1669368966563,{"position":{"x":-0.30475345,"y":2.5396326,"z":0.15930948,"quality":57},"superFrameNumber":830}
UWB,1669368967564,{"position":{"x":-0.34630311,"y":2.4987113,"z":0.22861134,"quality":58},"superFrameNumber":840}
UWB,1669368968564,{"position":{"x":-0.38268372,"y":2.4681854,"z":0.28825894,"quality":58},"superFrameNumber":850}
UWB,1669368969564,{"position":{"x":-0.34405261,"y":2.4882679,"z":0.26423889,"quality":55},"superFrameNumber":860}
UWB,1669368970564,{"position":{"x":-0.34426478,"y":2.4855273,"z":0.25975886,"quality":57},"superFrameNumber":870}
UWB,1669368971564,{"position":{"x":-0.31315872,"y":2.5170605,"z":0.21433797,"quality":56},"superFrameNumber":880}
UWB,1669368972564,{"position":{"x":-0.3222585,"y":2.4841764,"z":0.25569049,"quality":56},"superFrameNumber":890}
UWB,1669368973564,{"position":{"x":-0.32774052,"y":2.4917221,"z":0.25011614,"quality":57},"superFrameNumber":900}
UWB,1669368974564,{"position":{"x":-0.27905855,"y":2.5134928,"z":0.19625323,"quality":54},"superFrameNumber":910}
UWB,1669368975564,{"position":{"x":-0.32762992,"y":2.4793878,"z":0.25824618,"quality":58},"superFrameNumber":920}
UWB,1669368976564,{"position":{"x":-0.3527925,"y":2.4611635,"z":0.297225,"quality":57},"superFrameNumber":930}
UWB,1669368977563,{"position":{"x":-0.319624,"y":2.4907219,"z":0.25564891,"quality":55},"superFrameNumber":940}
UWB,1669368978564,{"position":{"x":-0.3173393,"y":2.4815459,"z":0.25008842,"quality":56},"superFrameNumber":950}
UWB,1669368979564,{"position":{"x":-0.30406168,"y":2.5102196,"z":0.21174905,"quality":56},"superFrameNumber":960}
UWB,1669368980564,{"position":{"x":-0.30204359,"y":2.5320473,"z":0.19979976,"quality":56},"superFrameNumber":970}
UWB,1669368981564,{"position":{"x":-0.301295,"y":2.5362391,"z":0.17964473,"quality":57},"superFrameNumber":980}
UWB,1669368982564,{"position":{"x":-0.3082678,"y":2.5288208,"z":0.19536185,"quality":56},"superFrameNumber":990}
UWB,1669368983563,{"position":{"x":-0.29870149,"y":2.5292511,"z":0.19413716,"quality":56},"superFrameNumber":1000}
UWB,1669368984564,{"position":{"x":-0.2876029,"y":2.5402832,"z":0.17541036,"quality":56},"superFrameNumber":1010}
UWB,1669368985564,{"position":{"x":-0.27776244,"y":2.5554512,"z":0.1697347,"quality":56},"superFrameNumber":1020}
UWB,1669368986564,{"position":{"x":-0.28453249,"y":2.5536382,"z":0.17390122,"quality":56},"superFrameNumber":1030}
UWB,1669368987564,{"position":{"x":-0.30270815,"y":2.5487151,"z":0.18422028,"quality":57},"superFrameNumber":1040}
UWB,1669368988563,{"position":{"x":-0.28960681,"y":2.5567353,"z":0.157214,"quality":56},"superFrameNumber":1050}
UWB,1669368989564,{"position":{"x":-0.30845183,"y":2.5439043,"z":0.18464525,"quality":57},"superFrameNumber":1060}
UWB,1669368990564,{"position":{"x":-0.27301231,"y":2.5467649,"z":0.16606198,"quality":55},"superFrameNumber":1070}
UWB,1669368991564,{"position":{"x":-0.24863714,"y":2.5640998,"z":0.1373814,"quality":55},"superFrameNumber":1080}
UWB,1669368992564,{"position":{"x":-0.28650239,"y":2.5220404,"z":0.20278156,"quality":57},"superFrameNumber":1090}
UWB,1669368993564,{"position":{"x":-0.28386283,"y":2.5336342,"z":0.16821037,"quality":56},"superFrameNumber":1100}
UWB,1669368994563,{"position":{"x":-0.27490556,"y":2.5407023,"z":0.1761848,"quality":55},"superFrameNumber":1110}
UWB,1669368995564,{"position":{"x":-0.24900164,"y":2.5307322,"z":0.19394682,"quality":54},"superFrameNumber":1120}
UWB,1669368996564,{"position":{"x":-0.26482034,"y":2.519228,"z":0.20091183,"quality":56},"superFrameNumber":1130}
UWB,1669368997564,{"position":{"x":-0.25873515,"y":2.5429945,"z":0.16394122,"quality":56},"superFrameNumber":1140}
UWB,1669368998564,{"position":{"x":-0.2250922,"y":2.5563543,"z":0.13932782,"quality":54},"superFrameNumber":1150}
UWB,1669368999563,{"position":{"x":-0.23434602,"y":2.5631127,"z":0.1411799,"quality":56},"superFrameNumber":1160}
UWB,1669369000564,{"position":{"x":-0.2412581,"y":2.5725656,"z":0.12637526,"quality":56},"superFrameNumber":1170}
UWB,1669369001564,{"position":{"x":-0.31451294,"y":2.5281289,"z":0.20887688,"quality":59},"superFrameNumber":1180}
UWB,1669369002564,{"position":{"x":-0.31259266,"y":2.5312185,"z":0.18967174,"quality":57},"superFrameNumber":1190}
UWB,1669369003564,{"position":{"x":-0.36719021,"y":2.5010781,"z":0.26099968,"quality":59},"superFrameNumber":1200}
UWB,1669369004564,{"position":{"x":-0.34339058,"y":2.5064783,"z":0.22979316,"quality":56},"superFrameNumber":1210}
UWB,1669369005565,{"position":{"x":-0.34699225,"y":2.5119359,"z":0.22197631,"quality":57},"superFrameNumber":1220}
UWB,1669369006564,{"position":{"x":-0.33986703,"y":2.5101275,"z":0.22318764,"quality":56},"superFrameNumber":1230}
UWB,1669369007564,{"position":{"x":-0.32878116,"y":2.5024748,"z":0.23470736,"quality":56},"superFrameNumber":1240}
UWB,1669369008564,{"position":{"x":-0.3389003,"y":2.5182009,"z":0.21693687,"quality":58},"superFrameNumber":1250}
UWB,1669369009564,{"position":{"x":-0.32922611,"y":2.5256767,"z":0.20299923,"quality":56},"superFrameNumber":1260}
UWB,1669369010563,{"position":{"x":-0.28642878,"y":2.5409472,"z":0.16472989,"quality":55},"superFrameNumber":1270}
UWB,1669369011565,{"position":{"x":-0.26283252,"y":2.5573606,"z":0.1380579,"quality":55},"superFrameNumber":1280}
UWB,1669369012564,{"position":{"x":-0.25224316,"y":2.6168458,"z":0.2007283,"quality":70},"superFrameNumber":1290}
UWB,1669369013564,{"position":{"x":-0.28558505,"y":2.5951021,"z":0.2049434,"quality":57},"superFrameNumber":1300}
UWB,1669369014564,{"position":{"x":-0.27046606,"y":2.5886118,"z":0.16801025,"quality":56},"superFrameNumber":1310}
UWB,1669369015563,{"position":{"x":-0.25396779,"y":2.5877378,"z":0.15024325,"quality":55},"superFrameNumber":1320}
UWB,1669369016565,{"position":{"x":-0.31252563,"y":2.5519097,"z":0.21536018,"quality":58},"superFrameNumber":1330}
UWB,1669369017564,{"position":{"x":-0.29538593,"y":2.5418818,"z":0.20886488,"quality":55},"superFrameNumber":1340}
UWB,1669369018564,{"position":{"x":-0.2904247,"y":2.5517492,"z":0.17832093,"quality":56},"superFrameNumber":1350}
UWB,1669369019564,{"position":{"x":-0.28345612,"y":2.561029,"z":0.16851062,"quality":56},"superFrameNumber":1360}
UWB,1669369020564,{"position":{"x":-0.27454257,"y":2.5623159,"z":0.16054569,"quality":56},"superFrameNumber":1370}
UWB,1669369021565,{"position":{"x":-0.28849512,"y":2.5547113,"z":0.18013406,"quality":56},"superFrameNumber":1380}
UWB,1669369022564,{"position":{"x":-0.28525165,"y":2.5561116,"z":0.17224073,"quality":56},"superFrameNumber":1390}
UWB,1669369023564,{"position":{"x":-0.30093282,"y":2.5580194,"z":0.15960939,"quality":57},"superFrameNumber":1400}
UWB,1669369024564,{"position":{"x":-0.3227441,"y":2.5364845,"z":0.19154161,"quality":57},"superFrameNumber":1410}
UWB,1669369025566,{"position":{"x":-0.32183507,"y":2.5466278,"z":0.17846052,"quality":57},"superFrameNumber":1420}
UWB,1669369026563,{"position":{"x":-0.27794725,"y":2.5582078,"z":0.15849598,"quality":54},"superFrameNumber":1430}
UWB,1669369027565,{"position":{"x":-0.312692,"y":2.5531831,"z":0.16131034,"quality":58},"superFrameNumber":0}
UWB,1669369028564,{"position":{"x":-0.28483465,"y":2.5418987,"z":0.17048731,"quality":54},"superFrameNumber":10}
UWB,1669369029564,{"position":{"x":-0.29033393,"y":2.5452342,"z":0.16381635,"quality":57},"superFrameNumber":20}
UWB,1669369030564,{"position":{"x":-0.32133648,"y":2.5514948,"z":0.17013916,"quality":58},"superFrameNumber":30}
UWB,1669369031564,{"position":{"x":-0.3187111,"y":2.5558441,"z":0.15888309,"quality":57},"superFrameNumber":40}
UWB,1669369032563,{"position":{"x":-0.32441941,"y":2.5203702,"z":0.21794061,"quality":56},"superFrameNumber":50}
UWB,1669369033565,{"position":{"x":-0.29995584,"y":2.5387707,"z":0.19329748,"quality":56},"superFrameNumber":60}
UWB,1669369034564,{"position":{"x":-0.30888653,"y":2.5403409,"z":0.19387423,"quality":57},"superFrameNumber":70}
UWB,1669369035564,{"position":{"x":-0.20607413,"y":2.6514597,"z":0.042489842,"quality":70},"superFrameNumber":80}
UWB,1669369036564,{"position":{"x":-0.25162223,"y":2.6060646,"z":0.089592263,"quality":57},"superFrameNumber":90}
UWB,1669369037563,{"position":{"x":-0.28692928,"y":2.5600452,"z":0.16727613,"quality":57},"superFrameNumber":100}
UWB,1669369038565,{"position":{"x":-0.28343025,"y":2.5717745,"z":0.1704618,"quality":56},"superFrameNumber":110}
UWB,1669369039564,{"position":{"x":-0.31372818,"y":2.5536914,"z":0.18168558,"quality":58},"superFrameNumber":120}
UWB,1669369040564,{"position":{"x":-0.31414211,"y":2.5426257,"z":0.19530232,"quality":56},"superFrameNumber":130}
UWB,1669369041564,{"position":{"x":-0.28541198,"y":2.5323114,"z":0.19005866,"quality":55},"superFrameNumber":140}
UWB,1669369042564,{"position":{"x":-0.26077577,"y":2.5382111,"z":0.16639918,"quality":55},"superFrameNumber":150}
UWB,1669369043563,{"position":{"x":-0.25071779,"y":2.5666811,"z":0.14644638,"quality":56},"superFrameNumber":160}
UWB,1669369044565,{"position":{"x":-0.27896091,"y":2.5380726,"z":0.15830952,"quality":57},"superFrameNumber":170}
UWB,1669369045564,{"position":{"x":-0.28602618,"y":2.534359,"z":0.17866968,"quality":56},"superFrameNumber":180}
UWB,1669369046564,{"position":{"x":-0.28931904,"y":2.5295515,"z":0.17373987,"quality":56},"superFrameNumber":190}
UWB,1669369047564,{"position":{"x":-0.23988692,"y":2.563379,"z":0.15049072,"quality":54},"superFrameNumber":200}
UWB,1669369048563,{"position":{"x":-0.23919609,"y":2.5767813,"z":0.13106999,"quality":56},"superFrameNumber":210}
UWB,1669369049565,{"position":{"x":-0.26048747,"y":2.5698061,"z":0.14745127,"quality":57},"superFrameNumber":220}
UWB,1669369050564,{"position":{"x":-0.28276682,"y":2.5749481,"z":0.1540941,"quality":57},"superFrameNumber":230}
UWB,1669369051564,{"position":{"x":-0.32114086,"y":2.5612342,"z":0.17376827,"quality":58},"superFrameNumber":240}
UWB,1669369052564,{"position":{"x":-0.290171,"y":2.5571227,"z":0.15835646,"quality":55},"superFrameNumber":250}
UWB,1669369053564,{"position":{"x":-0.27114871,"y":2.5585873,"z":0.15101063,"quality":55},"superFrameNumber":260}
UWB,1669369054563,{"position":{"x":-0.26664847,"y":2.5553055,"z":0.16319193,"quality":55},"superFrameNumber":270}
UWB,1669369055565,{"position":{"x":-0.29873782,"y":2.5509365,"z":0.17430443,"quality":58},"superFrameNumber":280}
UWB,1669369056564,{"position":{"x":-0.3063499,"y":2.5462511,"z":0.19659148,"quality":56},"superFrameNumber":290}
UWB,1669369057564,{"position":{"x":-0.30597839,"y":2.5287547,"z":0.20996757,"quality":56},"superFrameNumber":300}
UWB,1669369058564,{"position":{"x":-0.29942107,"y":2.5531936,"z":0.1777568,"quality":57},"superFrameNumber":310}
UWB,1669369059563,{"position":{"x":-0.28428349,"y":2.5469682,"z":0.18073519,"quality":55},"superFrameNumber":320}
UWB,1669369060565,{"position":{"x":-0.28927273,"y":2.5497293,"z":0.17042701,"quality":57},"superFrameNumber":330}
UWB,1669369061564,{"position":{"x":-0.2836791,"y":2.5364606,"z":0.20041722,"quality":55},"superFrameNumber":340}
UWB,1669369062564,{"position":{"x":-0.27958253,"y":2.5403759,"z":0.1839617,"quality":56},"superFrameNumber":350}
UWB,1669369063564,{"position":{"x":-0.26658416,"y":2.53279,"z":0.19795978,"quality":55},"superFrameNumber":360}
UWB,1669369064564,{"position":{"x":-0.26261014,"y":2.5489438,"z":0.16781396,"quality":56},"superFrameNumber":370}
UWB,1669369065564,{"position":{"x":-0.28709736,"y":2.5352249,"z":0.18396853,"quality":57},"superFrameNumber":380}
UWB,1669369066564,{"position":{"x":-0.25099733,"y":2.5513616,"z":0.17724563,"quality":54},"superFrameNumber":390}
UWB,1669369067564,{"position":{"x":-0.25869089,"y":2.546545,"z":0.17832474,"quality":56},"superFrameNumber":400}
UWB,1669369068564,{"position":{"x":-0.25696611,"y":2.5680344,"z":0.1510791,"quality":56},"superFrameNumber":410}
UWB,1669369069564,{"position":{"x":-0.25932747,"y":2.5548162,"z":0.16223823,"quality":56},"superFrameNumber":420}
UWB,1669369070564,{"position":{"x":-0.2835761,"y":2.5506587,"z":0.16561401,"quality":57},"superFrameNumber":430}
UWB,1669369071565,{"position":{"x":-0.25296864,"y":2.5706782,"z":0.14940052,"quality":55},"superFrameNumber":440}
UWB,1669369072564,{"position":{"x":-0.26885846,"y":2.5561984,"z":0.16572428,"quality":56},"superFrameNumber":450}
UWB,1669369073564,{"position":{"x":-0.31118888,"y":2.5479064,"z":0.1878044,"quality":58},"superFrameNumber":460}
UWB,1669369074564,{"position":{"x":-0.3005037,"y":2.5478697,"z":0.18427938,"quality":56},"superFrameNumber":470}
UWB,1669369075563,{"position":{"x":-0.31609353,"y":2.5310531,"z":0.22278798,"quality":56},"superFrameNumber":480}
UWB,1669369076565,{"position":{"x":-0.30417341,"y":2.5429766,"z":0.17742862,"quality":57},"superFrameNumber":490}
UWB,1669369077564,{"position":{"x":-0.31030259,"y":2.5126805,"z":0.22820845,"quality":56},"superFrameNumber":500}
UWB,1669369078564,{"position":{"x":-0.29281211,"y":2.527045,"z":0.21798193,"quality":55},"superFrameNumber":510}
UWB,1669369079564,{"position":{"x":-0.28047097,"y":2.5274067,"z":0.21719725,"quality":55},"superFrameNumber":520}
UWB,1669369080564,{"position":{"x":-0.27374825,"y":2.5277138,"z":0.22314227,"quality":55},"superFrameNumber":530}
UWB,1669369081565,{"position":{"x":-0.3067717,"y":2.517766,"z":0.24033894,"quality":57},"superFrameNumber":540}
UWB,1669369082564,{"position":{"x":-0.30680877,"y":2.5323977,"z":0.20073543,"quality":57},"superFrameNumber":550}
UWB,1669369083564,{"position":{"x":-0.3006281,"y":2.534714,"z":0.17821467,"quality":56},"superFrameNumber":560}
UWB,1669369084564,{"position":{"x":-0.32930911,"y":2.527714,"z":0.20640346,"quality":58},"superFrameNumber":570}
UWB,1669369085564,{"position":{"x":-0.3175284,"y":2.5291774,"z":0.21421041,"quality":56},"superFrameNumber":580}
UWB,1669369086563,{"position":{"x":-0.3215121,"y":2.5176296,"z":0.20918438,"quality":57},"superFrameNumber":590}
UWB,1669369087565,{"position":{"x":-0.31638882,"y":2.5038903,"z":0.20747149,"quality":56},"superFrameNumber":600}
UWB,1669369088564,{"position":{"x":-0.32582134,"y":2.5079868,"z":0.20800704,"quality":57},"superFrameNumber":610}
UWB,1669369089564,{"position":{"x":-0.3100535,"y":2.5349252,"z":0.17343593,"quality":56},"superFrameNumber":620}
UWB,1669369090564,{"position":{"x":-0.26866782,"y":2.5546319,"z":0.1429715,"quality":55},"superFrameNumber":630}
UWB,1669369091564,{"position":{"x":-0.27642706,"y":2.5498018,"z":0.14797516,"quality":56},"superFrameNumber":640}
UWB,1669369092564,{"position":{"x":-0.21603188,"y":2.5629518,"z":0.12172352,"quality":53},"superFrameNumber":650}
UWB,1669369093565,{"position":{"x":-0.23848756,"y":2.5573788,"z":0.13034824,"quality":56},"superFrameNumber":660}
UWB,1669369094564,{"position":{"x":-0.23659764,"y":2.5614746,"z":0.1327945,"quality":55},"superFrameNumber":670}
UWB,1669369095564,{"position":{"x":-0.25600269,"y":2.5771742,"z":0.11785183,"quality":57},"superFrameNumber":680}
UWB,1669369096564,{"position":{"x":-0.26339778,"y":2.5768015,"z":0.11842175,"quality":56},"superFrameNumber":690}
UWB,1669369097564,{"position":{"x":-0.27247456,"y":2.5737739,"z":0.13548549,"quality":56},"superFrameNumber":700}
UWB,1669369098565,{"position":{"x":-0.28144264,"y":2.5701995,"z":0.16291836,"quality":56},"superFrameNumber":710}
UWB,1669369099564,{"position":{"x":-0.23295231,"y":2.5727587,"z":0.12869771,"quality":54},"superFrameNumber":720}
UWB,1669369100564,{"position":{"x":-0.23155344,"y":2.5808213,"z":0.12255415,"quality":56},"superFrameNumber":730}
UWB,1669369101564,{"position":{"x":-0.28412372,"y":2.5266011,"z":0.19988178,"quality":57},"superFrameNumber":740}
UWB,1669369102564,{"position":{"x":-0.26505524,"y":2.5405304,"z":0.16918965,"quality":55},"superFrameNumber":750}
UWB,1669369103564,{"position":{"x":-0.26853502,"y":2.5610721,"z":0.15245229,"quality":57},"superFrameNumber":760}
UWB,1669369104565,{"position":{"x":-0.25550768,"y":2.5446794,"z":0.17096917,"quality":55},"superFrameNumber":770}
UWB,1669369105564,{"position":{"x":-0.25681281,"y":2.5493491,"z":0.16992545,"quality":56},"superFrameNumber":780}
UWB,1669369106564,{"position":{"x":-0.26813689,"y":2.5508142,"z":0.15712865,"quality":57},"superFrameNumber":790}
UWB,1669369107564,{"position":{"x":-0.26311108,"y":2.5434923,"z":0.1597368,"quality":55},"superFrameNumber":800}
UWB,1669369108564,{"position":{"x":-0.261225,"y":2.5294857,"z":0.1433477,"quality":56},"superFrameNumber":810}
UWB,1669369109565,{"position":{"x":-0.263022,"y":2.5565283,"z":0.12958506,"quality":57},"superFrameNumber":820}
UWB,1669369110564,{"position":{"x":-0.24277358,"y":2.5747349,"z":0.12958835,"quality":55},"superFrameNumber":830}
UWB,1669369111565,{"position":{"x":-0.24988887,"y":2.5761735,"z":0.12910694,"quality":56},"superFrameNumber":840}
UWB,1669369112564,{"position":{"x":-0.23147778,"y":2.5713155,"z":0.13524227,"quality":54},"superFrameNumber":850}
UWB,1669369113564,{"position":{"x":-0.24633293,"y":2.56343,"z":0.16096203,"quality":56},"superFrameNumber":860}
UWB,1669369114564,{"position":{"x":-0.2818163,"y":2.5492547,"z":0.18586123,"quality":57},"superFrameNumber":870}
UWB,1669369115565,{"position":{"x":-0.2675454,"y":2.5611422,"z":0.1621687,"quality":56},"superFrameNumber":880}
UWB,1669369116564,{"position":{"x":-0.27147612,"y":2.553335,"z":0.15756923,"quality":56},"superFrameNumber":890}
UWB,1669369117565,{"position":{"x":-0.2662054,"y":2.5567706,"z":0.15413798,"quality":56},"superFrameNumber":900}
UWB,1669369118565,{"position":{"x":-0.29132065,"y":2.5596161,"z":0.15541717,"quality":57},"superFrameNumber":910}
UWB,1669369119564,{"position":{"x":-0.22845887,"y":2.5835595,"z":0.12964605,"quality":53},"superFrameNumber":920}
UWB,1669369120565,{"position":{"x":-0.26086161,"y":2.5568056,"z":0.16387884,"quality":57},"superFrameNumber":930}
UWB,1669369121565,{"position":{"x":-0.30473006,"y":2.5148833,"z":0.2249063,"quality":57},"superFrameNumber":940}
UWB,1669369122564,{"position":{"x":-0.32479203,"y":2.4875333,"z":0.25291705,"quality":57},"superFrameNumber":950}
UWB,1669369123565,{"position":{"x":-0.30362573,"y":2.5159841,"z":0.20337462,"quality":56},"superFrameNumber":960}
UWB,1669369124565,{"position":{"x":-0.28210708,"y":2.5438375,"z":0.17058554,"quality":56},"superFrameNumber":970}
UWB,1669369125564,{"position":{"x":-0.29226303,"y":2.5392253,"z":0.18140227,"quality":56},"superFrameNumber":980}
UWB,1669369126565,{"position":{"x":-0.2801635,"y":2.5431747,"z":0.15579171,"quality":56},"superFrameNumber":990}
UWB,1669369127565,{"position":{"x":-0.27652189,"y":2.5357606,"z":0.18519428,"quality":55},"superFrameNumber":1000}
UWB,1669369128565,{"position":{"x":-0.27885252,"y":2.5317609,"z":0.17444953,"quality":56},"superFrameNumber":1010}
UWB,1669369129565,{"position":{"x":-0.23069294,"y":2.5538216,"z":0.15543582,"quality":54},"superFrameNumber":1020}
UWB,1669369130564,{"position":{"x":-0.22955842,"y":2.5643158,"z":0.1498082,"quality":55},"superFrameNumber":1030}
UWB,1669369131565,{"position":{"x":-0.19128695,"y":2.5663078,"z":0.1518022,"quality":53},"superFrameNumber":1040}
UWB,1669369132565,{"position":{"x":-0.22571376,"y":2.5694349,"z":0.15861474,"quality":57},"superFrameNumber":1050}
UWB,1669369133565,{"position":{"x":-0.1829793,"y":2.5805049,"z":0.15814924,"quality":60},"superFrameNumber":1060}
UWB,1669369134565,{"position":{"x":-0.22859819,"y":2.5644875,"z":0.17080119,"quality":57},"superFrameNumber":1070}
UWB,1669369135564,{"position":{"x":-0.23770256,"y":2.5705965,"z":0.1448162,"quality":56},"superFrameNumber":1080}
UWB,1669369136565,{"position":{"x":-0.24174547,"y":2.6303279,"z":0.19267234,"quality":70},"superFrameNumber":1090}
UWB,1669369137565,{"position":{"x":-0.24756067,"y":2.594312,"z":0.21032955,"quality":55},"superFrameNumber":1100}
UWB,1669369138565,{"position":{"x":-0.25816128,"y":2.5899427,"z":0.21413738,"quality":56},"superFrameNumber":1110}
UWB,1669369139565,{"position":{"x":-0.24444507,"y":2.5949872,"z":0.17620245,"quality":56},"superFrameNumber":1120}
UWB,1669369140565,{"position":{"x":-0.27740979,"y":2.5688803,"z":0.1964483,"quality":57},"superFrameNumber":1130}
UWB,1669369141565,{"position":{"x":-0.30654192,"y":2.5487258,"z":0.20903488,"quality":57},"superFrameNumber":1140}
UWB,1669369142565,{"position":{"x":-0.27155834,"y":2.5588999,"z":0.16855276,"quality":55},"superFrameNumber":1150}
UWB,1669369143565,{"position":{"x":-0.3151125,"y":2.5479012,"z":0.19331113,"quality":58},"superFrameNumber":1160}
UWB,1669369144565,{"position":{"x":-0.28814948,"y":2.5665035,"z":0.15259583,"quality":56},"superFrameNumber":1170}
UWB,1669369145565,{"position":{"x":-0.2801916,"y":2.5476496,"z":0.18240678,"quality":55},"superFrameNumber":1180}
UWB,1669369146565,{"position":{"x":-0.25773844,"y":2.5483949,"z":0.17479593,"quality":55},"superFrameNumber":1190}
UWB,1669369147565,{"position":{"x":-0.2847057,"y":2.5371416,"z":0.19438908,"quality":57},"superFrameNumber":1200}
UWB,1669369148565,{"position":{"x":-0.26920816,"y":2.5414927,"z":0.17516613,"quality":55},"superFrameNumber":1210}
UWB,1669369149564,{"position":{"x":-0.25994554,"y":2.545702,"z":0.17396295,"quality":55},"superFrameNumber":1220}
UWB,1669369150565,{"position":{"x":-0.23468253,"y":2.5538816,"z":0.15786779,"quality":54},"superFrameNumber":1230}
UWB,1669369151565,{"position":{"x":-0.25436822,"y":2.5401795,"z":0.17070796,"quality":56},"superFrameNumber":1240}
UWB,1669369152564,{"position":{"x":-0.28102031,"y":2.5508592,"z":0.1705592,"quality":57},"superFrameNumber":1250}
UWB,1669369153565,{"position":{"x":-0.31572047,"y":2.533016,"z":0.18772279,"quality":58},"superFrameNumber":1260}
UWB,1669369154565,{"position":{"x":-0.34221542,"y":2.5282464,"z":0.19846848,"quality":58},"superFrameNumber":1270}
UWB,1669369155565,{"position":{"x":-0.3605091,"y":2.5196667,"z":0.20520975,"quality":58},"superFrameNumber":1280}
UWB,1669369156565,{"position":{"x":-0.34542865,"y":2.5373483,"z":0.16332197,"quality":57},"superFrameNumber":1290}
UWB,1669369157564,{"position":{"x":-0.36528733,"y":2.5187595,"z":0.18232678,"quality":58},"superFrameNumber":1300}
UWB,1669369158565,{"position":{"x":-0.35852545,"y":2.5237298,"z":0.18599476,"quality":57},"superFrameNumber":1310}
UWB,1669369159565,{"position":{"x":-0.32921281,"y":2.5297945,"z":0.17581727,"quality":56},"superFrameNumber":1320}
UWB,1669369160565,{"position":{"x":-0.28733855,"y":2.5506864,"z":0.15494475,"quality":55},"superFrameNumber":1330}
UWB,1669369161565,{"position":{"x":-0.28035656,"y":2.5272307,"z":0.17591302,"quality":55},"superFrameNumber":1340}
UWB,1669369162565,{"position":{"x":-0.27840617,"y":2.530129,"z":0.18284862,"quality":56},"superFrameNumber":1350}
UWB,1669369163564,{"position":{"x":-0.28878227,"y":2.555479,"z":0.15710497,"quality":57},"superFrameNumber":1360}
UWB,1669369164565,{"position":{"x":-0.28450361,"y":2.5538862,"z":0.14050998,"quality":56},"superFrameNumber":1370}
UWB,1669369165565,{"position":{"x":-0.26064375,"y":2.5562057,"z":0.11277069,"quality":55},"superFrameNumber":1380}
UWB,1669369166565,{"position":{"x":-0.22412315,"y":2.5737071,"z":0.098018661,"quality":54},"superFrameNumber":1390}
UWB,1669369167565,{"position":{"x":-0.22397958,"y":2.572582,"z":0.09980011,"quality":55},"superFrameNumber":1400}
UWB,1669369168564,{"position":{"x":-0.22006714,"y":2.5659616,"z":0.12317818,"quality":55},"superFrameNumber":1410}
UWB,1669369169565,{"position":{"x":-0.24199761,"y":2.5547776,"z":0.14889061,"quality":56},"superFrameNumber":1420}
UWB,1669369170565,{"position":{"x":-0.30332297,"y":2.5256588,"z":0.18393101,"quality":59},"superFrameNumber":1430}
UWB,1669369171565,{"position":{"x":-0.305967,"y":2.5426526,"z":0.17282486,"quality":57},"superFrameNumber":0}
UWB,1669369172565,{"position":{"x":-0.29365176,"y":2.5453675,"z":0.17676459,"quality":56},"superFrameNumber":10}
UWB,1669369173565,{"position":{"x":-0.28619334,"y":2.5551496,"z":0.1348622,"quality":57},"superFrameNumber":20}
UWB,1669369174564,{"position":{"x":-0.2891719,"y":2.5664198,"z":0.147377,"quality":56},"superFrameNumber":30}
UWB,1669369175565,{"position":{"x":-0.2750341,"y":2.5593197,"z":0.1460456,"quality":55},"superFrameNumber":40}
UWB,1669369176565,{"position":{"x":-0.2232389,"y":2.5789537,"z":0.12390576,"quality":54},"superFrameNumber":50}
UWB,1669369177565,{"position":{"x":-0.23089772,"y":2.573426,"z":0.12244686,"quality":56},"superFrameNumber":60}
UWB,1669369178565,{"position":{"x":-0.23670867,"y":2.5636249,"z":0.13347723,"quality":56},"superFrameNumber":70}
UWB,1669369179565,{"position":{"x":-0.2120219,"y":2.5673954,"z":0.11488591,"quality":54},"superFrameNumber":80}
UWB,1669369180565,{"position":{"x":-0.24708708,"y":2.5314,"z":0.15557715,"quality":56},"superFrameNumber":90}
UWB,1669369181565,{"position":{"x":-0.24346419,"y":2.541966,"z":0.13966911,"quality":56},"superFrameNumber":100}
UWB,1669369182565,{"position":{"x":-0.26260433,"y":2.5498095,"z":0.13278177,"quality":57},"superFrameNumber":110}
UWB,1669369183565,{"position":{"x":-0.26912045,"y":2.5351295,"z":0.17505942,"quality":55},"superFrameNumber":120}
UWB,1669369184565,{"position":{"x":-0.26204643,"y":2.5544786,"z":0.14119847,"quality":56},"superFrameNumber":130}
UWB,1669369185564,{"position":{"x":-0.24942692,"y":2.5695,"z":0.12418855,"quality":56},"superFrameNumber":140}
UWB,1669369186565,{"position":{"x":-0.24285433,"y":2.5698943,"z":0.12280338,"quality":55},"superFrameNumber":150}
UWB,1669369187565,{"position":{"x":-0.29672518,"y":2.5440998,"z":0.18223976,"quality":58},"superFrameNumber":160}
UWB,1669369188565,{"position":{"x":-0.2545715,"y":2.57215,"z":0.15780385,"quality":54},"superFrameNumber":170}
UWB,1669369189565,{"position":{"x":-0.25895154,"y":2.5788224,"z":0.14792752,"quality":56},"superFrameNumber":180}
UWB,1669369190564,{"position":{"x":-0.28137469,"y":2.5591042,"z":0.17269835,"quality":57},"superFrameNumber":190}
UWB,1669369191565,{"position":{"x":-0.3051832,"y":2.519424,"z":0.20016982,"quality":57},"superFrameNumber":200}
UWB,1669369192565,{"position":{"x":-0.30728102,"y":2.5171261,"z":0.1880262,"quality":56},"superFrameNumber":210}
UWB,1669369193565,{"position":{"x":-0.28739554,"y":2.5303521,"z":0.15709321,"quality":56},"superFrameNumber":220}
UWB,1669369194565,{"position":{"x":-0.30899343,"y":2.5210774,"z":0.18100452,"quality":57},"superFrameNumber":230}
UWB,1669369195564,{"position":{"x":-0.30808333,"y":2.535614,"z":0.18564638,"quality":56},"superFrameNumber":240}
UWB,1669369196565,{"position":{"x":-0.22304036,"y":2.5163081,"z":0.192123,"quality":60},"superFrameNumber":250}
UWB,1669369197565,{"position":{"x":-0.23286211,"y":2.5228381,"z":0.18922856,"quality":56},"superFrameNumber":260}
UWB,1669369198565,{"position":{"x":-0.22892164,"y":2.5344672,"z":0.1740384,"quality":55},"superFrameNumber":270}
UWB,1669369199565,{"position":{"x":-0.24302818,"y":2.5441372,"z":0.17982645,"quality":56},"superFrameNumber":280}
UWB,1669369200565,{"position":{"x":-0.23243402,"y":2.5650129,"z":0.15237224,"quality":56},"superFrameNumber":290}
UWB,1669369201565,{"position":{"x":-0.24566247,"y":2.5588012,"z":0.15689138,"quality":56},"superFrameNumber":300}
UWB,1669369202565,{"position":{"x":-0.28872806,"y":2.5510936,"z":0.1826029,"quality":58},"superFrameNumber":310}
UWB,1669369203565,{"position":{"x":-0.30983546,"y":2.5462878,"z":0.21109851,"quality":57},"superFrameNumber":320}
UWB,1669369204565,{"position":{"x":-0.31178531,"y":2.5313523,"z":0.20078854,"quality":56},"superFrameNumber":330}
UWB,1669369205565,{"position":{"x":-0.28795743,"y":2.5279069,"z":0.19500662,"quality":55},"superFrameNumber":340}
UWB,1669369206564,{"position":{"x":-0.31018451,"y":2.511178,"z":0.21529944,"quality":57},"superFrameNumber":350}
UWB,1669369207565,{"position":{"x":-0.33738878,"y":2.5024233,"z":0.23738857,"quality":58},"superFrameNumber":360}
UWB,1669369208565,{"position":{"x":-0.32694143,"y":2.5137053,"z":0.22867224,"quality":56},"superFrameNumber":370}
UWB,1669369209565,{"position":{"x":-0.3204608,"y":2.5101831,"z":0.22943057,"quality":56},"superFrameNumber":380}
UWB,1669369210565,{"position":{"x":-0.30055657,"y":2.5336,"z":0.20293617,"quality":56},"superFrameNumber":390}
UWB,1669369211565,{"position":{"x":-0.29446793,"y":2.5158186,"z":0.22739524,"quality":55},"superFrameNumber":400}
UWB,1669369212564,{"position":{"x":-0.28795418,"y":2.5453634,"z":0.19187905,"quality":57},"superFrameNumber":410}
UWB,1669369213565,{"position":{"x":-0.30606335,"y":2.5243404,"z":0.22285604,"quality":56},"superFrameNumber":420}
UWB,1669369214565,{"position":{"x":-0.32378015,"y":2.5144598,"z":0.22726475,"quality":57},"superFrameNumber":430}
UWB,1669369215565,{"position":{"x":-0.2971949,"y":2.5298436,"z":0.22064267,"quality":55},"superFrameNumber":440}
UWB,1669369216565,{"position":{"x":-0.33765811,"y":2.5194714,"z":0.23234814,"quality":58},"superFrameNumber":450}
UWB,1669369217564,{"position":{"x":-0.26935381,"y":2.5096827,"z":0.23840621,"quality":52},"superFrameNumber":460}
UWB,1669369218565,{"position":{"x":-0.28684163,"y":2.5122571,"z":0.21829799,"quality":57},"superFrameNumber":470}
UWB,1669369219565,{"position":{"x":-0.30337226,"y":2.5106626,"z":0.21926348,"quality":57},"superFrameNumber":480}
UWB,1669369220565,{"position":{"x":-0.29953367,"y":2.5021234,"z":0.22626559,"quality":56},"superFrameNumber":490}
UWB,1669369221565,{"position":{"x":-0.33818534,"y":2.4977231,"z":0.25708184,"quality":58},"superFrameNumber":500}
UWB,1669369222565,{"position":{"x":-0.33678183,"y":2.5090063,"z":0.22594079,"quality":57},"superFrameNumber":510}
UWB,1669369223564,{"position":{"x":-0.33986226,"y":2.5169659,"z":0.20598558,"quality":57},"superFrameNumber":520}
UWB,1669369224565,{"position":{"x":-0.3330667,"y":2.4887946,"z":0.23181376,"quality":55},"superFrameNumber":530}
UWB,1669369225565,{"position":{"x":-0.32970735,"y":2.494525,"z":0.22594757,"quality":56},"superFrameNumber":540}
UWB,1669369226565,{"position":{"x":-0.33223698,"y":2.5187578,"z":0.22039795,"quality":57},"superFrameNumber":550}
UWB,1669369227565,{"position":{"x":-0.31089559,"y":2.5121708,"z":0.22401723,"quality":55},"superFrameNumber":560}
UWB,1669369228564,{"position":{"x":-0.29090366,"y":2.5229721,"z":0.19936794,"quality":55},"superFrameNumber":570}
UWB,1669369229565,{"position":{"x":-0.29815537,"y":2.5555966,"z":0.17395686,"quality":57},"superFrameNumber":580}
UWB,1669369230565,{"position":{"x":-0.3187781,"y":2.5534015,"z":0.16820972,"quality":58},"superFrameNumber":590}
UWB,1669369231565,{"position":{"x":-0.31607789,"y":2.5366089,"z":0.18930699,"quality":56},"superFrameNumber":600}
UWB,1669369232565,{"position":{"x":-0.32084909,"y":2.5466743,"z":0.18357763,"quality":57},"superFrameNumber":610}
UWB,1669369233565,{"position":{"x":-0.32061446,"y":2.5669711,"z":0.15691176,"quality":57},"superFrameNumber":620}
UWB,1669369234564,{"position":{"x":-0.32050696,"y":2.5600073,"z":0.1722881,"quality":56},"superFrameNumber":630}
UWB,1669369235565,{"position":{"x":-0.32784066,"y":2.5549827,"z":0.19306047,"quality":57},"superFrameNumber":640}
UWB,1669369236565,{"position":{"x":-0.32752812,"y":2.5760446,"z":0.18039618,"quality":57},"superFrameNumber":650}
UWB,1669369237565,{"position":{"x":-0.33987871,"y":2.5596728,"z":0.20062783,"quality":57},"superFrameNumber":660}
UWB,1669369238565,{"position":{"x":-0.32846576,"y":2.5484431,"z":0.21726589,"quality":56},"superFrameNumber":670}
UWB,1669369239564,{"position":{"x":-0.33350906,"y":2.5183508,"z":0.22403471,"quality":56},"superFrameNumber":680}
UWB,1669369240565,{"position":{"x":-0.32262257,"y":2.5201626,"z":0.2139826,"quality":56},"superFrameNumber":690}
UWB,1669369241565,{"position":{"x":-0.34698689,"y":2.5003569,"z":0.23698324,"quality":57},"superFrameNumber":700}
UWB,1669369242565,{"position":{"x":-0.35241985,"y":2.492125,"z":0.24613334,"quality":57},"superFrameNumber":710}
UWB,1669369243565,{"position":{"x":-0.35255408,"y":2.4827216,"z":0.2572183,"quality":56},"superFrameNumber":720}
UWB,1669369244565,{"position":{"x":-0.35957709,"y":2.5024269,"z":0.23361267,"quality":58},"superFrameNumber":730}
UWB,1669369245564,{"position":{"x":-0.3251445,"y":2.5127258,"z":0.20841271,"quality":55},"superFrameNumber":740}
UWB,1669369246565,{"position":{"x":-0.32373738,"y":2.5327492,"z":0.17155389,"quality":57},"superFrameNumber":750}
UWB,1669369247565,{"position":{"x":-0.31656355,"y":2.5398064,"z":0.16828771,"quality":56},"superFrameNumber":760}
UWB,1669369248565,{"position":{"x":-0.30874088,"y":2.5352416,"z":0.18178771,"quality":56},"superFrameNumber":770}
UWB,1669369249565,{"position":{"x":-0.29478806,"y":2.5523679,"z":0.16158125,"quality":56},"superFrameNumber":780}
UWB,1669369250564,{"position":{"x":-0.28527096,"y":2.5714219,"z":0.1439968,"quality":56},"superFrameNumber":790}
UWB,1669369251566,{"position":{"x":-0.30252305,"y":2.5457375,"z":0.17744127,"quality":57},"superFrameNumber":800}
UWB,1669369252565,{"position":{"x":-0.2908161,"y":2.5248744,"z":0.21192567,"quality":55},"superFrameNumber":810}
UWB,1669369253565,{"position":{"x":-0.27519554,"y":2.5350349,"z":0.19071227,"quality":55},"superFrameNumber":820}
UWB,1669369254565,{"position":{"x":-0.29882219,"y":2.533742,"z":0.19052106,"quality":57},"superFrameNumber":830}
UWB,1669369255564,{"position":{"x":-0.30578175,"y":2.5248656,"z":0.20019703,"quality":56},"superFrameNumber":840}
UWB,1669369256566,{"position":{"x":-0.3102093,"y":2.5056884,"z":0.22613722,"quality":56},"superFrameNumber":850}
UWB,1669369257565,{"position":{"x":-0.32975745,"y":2.5166581,"z":0.21285522,"quality":58},"superFrameNumber":860}
UWB,1669369258565,{"position":{"x":-0.3180114,"y":2.5402167,"z":0.17540029,"quality":57},"superFrameNumber":870}
UWB,1669369259565,{"position":{"x":-0.31455618,"y":2.5206809,"z":0.20792344,"quality":56},"superFrameNumber":880}
UWB,1669369260565,{"position":{"x":-0.34276217,"y":2.5083601,"z":0.21911646,"quality":58},"superFrameNumber":890}
UWB,1669369261566,{"position":{"x":-0.34861064,"y":2.5228608,"z":0.20681573,"quality":57},"superFrameNumber":900}
UWB,1669369262565,{"position":{"x":-0.342196,"y":2.5202291,"z":0.219673,"quality":56},"superFrameNumber":910}
UWB,1669369263565,{"position":{"x":-0.27338311,"y":2.5290859,"z":0.20080177,"quality":53},"superFrameNumber":920}
UWB,1669369264565,{"position":{"x":-0.25203189,"y":2.56466,"z":0.16286233,"quality":56},"superFrameNumber":930}
UWB,1669369265565,{"position":{"x":-0.20666428,"y":2.5592892,"z":0.16158581,"quality":53},"superFrameNumber":940}
UWB,1669369266564,{"position":{"x":-0.21343639,"y":2.5651906,"z":0.13701256,"quality":56},"superFrameNumber":950}
UWB,1669369267566,{"position":{"x":-0.23331308,"y":2.5705559,"z":0.12318689,"quality":57},"superFrameNumber":960}
UWB,1669369268565,{"position":{"x":-0.23325342,"y":2.5647042,"z":0.1267174,"quality":55},"superFrameNumber":970}
UWB,1669369269565,{"position":{"x":-0.24740718,"y":2.5614779,"z":0.12956555,"quality":56},"superFrameNumber":980}
UWB,1669369270565,{"position":{"x":-0.27193433,"y":2.5408378,"z":0.15606816,"quality":57},"superFrameNumber":990}
UWB,1669369271565,{"position":{"x":-0.27773926,"y":2.5520461,"z":0.1419135,"quality":57},"superFrameNumber":1000}
UWB,1669369272565,{"position":{"x":-0.27427071,"y":2.544426,"z":0.15502648,"quality":56},"superFrameNumber":1010}
UWB,1669369273566,{"position":{"x":-0.29036239,"y":2.6178007,"z":0.26289546,"quality":70},"superFrameNumber":1020}
UWB,1669369274565,{"position":{"x":-0.28959006,"y":2.6173849,"z":0.22327085,"quality":57},"superFrameNumber":1030}
UWB,1669369275565,{"position":{"x":-0.30497551,"y":2.5841556,"z":0.24147186,"quality":56},"superFrameNumber":1040}
UWB,1669369276565,{"position":{"x":-0.33360806,"y":2.5829618,"z":0.23360221,"quality":58},"superFrameNumber":1050}
UWB,1669369277564,{"position":{"x":-0.36276221,"y":2.5674419,"z":0.2358845,"quality":58},"superFrameNumber":1060}
UWB,1669369278566,{"position":{"x":-0.35277835,"y":2.5597641,"z":0.21594685,"quality":57},"superFrameNumber":1070}
UWB,1669369279565,{"position":{"x":-0.34079444,"y":2.5568728,"z":0.20856033,"quality":56},"superFrameNumber":1080}
UWB,1669369280565,{"position":{"x":-0.36070991,"y":2.5416253,"z":0.21649891,"quality":58},"superFrameNumber":1090}
UWB,1669369281565,{"position":{"x":-0.34824118,"y":2.5484419,"z":0.19365291,"quality":57},"superFrameNumber":1100}
UWB,1669369282565,{"position":{"x":-0.359783,"y":2.5203004,"z":0.242104,"quality":57},"superFrameNumber":1110}
UWB,1669369283564,{"position":{"x":-0.33874425,"y":2.5173132,"z":0.22500016,"quality":56},"superFrameNumber":1120}
UWB,1669369284566,{"position":{"x":-0.33720103,"y":2.5264661,"z":0.2040828,"quality":57},"superFrameNumber":1130}
UWB,1669369285565,{"position":{"x":-0.30372488,"y":2.5528836,"z":0.17307854,"quality":56},"superFrameNumber":1140}
UWB,1669369286565,{"position":{"x":-0.31029829,"y":2.5417333,"z":0.17108908,"quality":57},"superFrameNumber":1150}
UWB,1669369287565,{"position":{"x":-0.31674024,"y":2.5190663,"z":0.19940914,"quality":56},"superFrameNumber":1160}
UWB,1669369288565,{"position":{"x":-0.33876774,"y":2.5031548,"z":0.23274055,"quality":57},"superFrameNumber":1170}
UWB,1669369289566,{"position":{"x":-0.32497105,"y":2.4973166,"z":0.23077835,"quality":56},"superFrameNumber":1180}
UWB,1669369290565,{"position":{"x":-0.30376,"y":2.5334163,"z":0.19487235,"quality":56},"superFrameNumber":1190}
UWB,1669369291565,{"position":{"x":-0.26500607,"y":2.5431333,"z":0.18560033,"quality":54},"superFrameNumber":1200}
UWB,1669369292565,{"position":{"x":-0.25087237,"y":2.542583,"z":0.16686882,"quality":55},"superFrameNumber":1210}
UWB,1669369293565,{"position":{"x":-0.26963189,"y":2.5509708,"z":0.17075378,"quality":57},"superFrameNumber":1220}
UWB,1669369294564,{"position":{"x":-0.27906609,"y":2.5307026,"z":0.19094588,"quality":56},"superFrameNumber":1230}
UWB,1669369295566,{"position":{"x":-0.2623764,"y":2.5324094,"z":0.18239015,"quality":55},"superFrameNumber":1240}
UWB,1669369296565,{"position":{"x":-0.27377564,"y":2.5149364,"z":0.20885725,"quality":56},"superFrameNumber":1250}
UWB,1669369297565,{"position":{"x":-0.262954,"y":2.5227594,"z":0.18918045,"quality":55},"superFrameNumber":1260}
UWB,1669369298565,{"position":{"x":-0.26827058,"y":2.5300393,"z":0.17618912,"quality":56},"superFrameNumber":1270}
UWB,1669369299565,{"position":{"x":-0.26236737,"y":2.5491891,"z":0.15612571,"quality":56},"superFrameNumber":1280}
UWB,1669369300566,{"position":{"x":-0.2829994,"y":2.5549133,"z":0.15056475,"quality":57},"superFrameNumber":1290}
UWB,1669369301565,{"position":{"x":-0.27766371,"y":2.5496194,"z":0.14270426,"quality":56},"superFrameNumber":1300}
UWB,1669369302565,{"position":{"x":-0.2955595,"y":2.5449452,"z":0.17206621,"quality":57},"superFrameNumber":1310}
UWB,1669369303565,{"position":{"x":-0.29017794,"y":2.5418844,"z":0.18640266,"quality":56},"superFrameNumber":1320}
UWB,1669369304565,{"position":{"x":-0.28948465,"y":2.5430896,"z":0.1883795,"quality":56},"superFrameNumber":1330}
UWB,1669369305564,{"position":{"x":-0.31527784,"y":2.5331614,"z":0.21211007,"quality":57},"superFrameNumber":1340}
UWB,1669369306565,{"position":{"x":-0.34571296,"y":2.5485399,"z":0.19261971,"quality":59},"superFrameNumber":1350}
UWB,1669369307565,{"position":{"x":-0.3331494,"y":2.529053,"z":0.22370045,"quality":55},"superFrameNumber":1360}
UWB,1669369308565,{"position":{"x":-0.32669583,"y":2.5505311,"z":0.19297501,"quality":57},"superFrameNumber":1370}
UWB,1669369309565,{"position":{"x":-0.29463995,"y":2.553211,"z":0.16703545,"quality":55},"superFrameNumber":1380}
UWB,1669369310565,{"position":{"x":-0.30229142,"y":2.5568466,"z":0.15545669,"quality":57},"superFrameNumber":1390}
UWB,1669369311566,{"position":{"x":-0.31180263,"y":2.5494232,"z":0.15150765,"quality":57},"superFrameNumber":1400}
UWB,1669369312565,{"position":{"x":-0.32043412,"y":2.5286453,"z":0.20519307,"quality":56},"superFrameNumber":1410}
UWB,1669369313565,{"position":{"x":-0.27843466,"y":2.547802,"z":0.16986227,"quality":55},"superFrameNumber":1420}
UWB,1669369314565,{"position":{"x":-0.27598318,"y":2.5575886,"z":0.15898791,"quality":56},"superFrameNumber":1430}
UWB,1669369315564,{"position":{"x":-0.30104154,"y":2.5468383,"z":0.17464794,"quality":57},"superFrameNumber":0}
UWB,1669369316566,{"position":{"x":-0.29933789,"y":2.5268664,"z":0.18814531,"quality":56},"superFrameNumber":10}
UWB,1669369317565,{"position":{"x":-0.31468904,"y":2.5059156,"z":0.22708674,"quality":56},"superFrameNumber":20}
UWB,1669369318565,{"position":{"x":-0.3183133,"y":2.5069957,"z":0.23168758,"quality":56},"superFrameNumber":30}
UWB,1669369319565,{"position":{"x":-0.33704755,"y":2.5097523,"z":0.23074573,"quality":57},"superFrameNumber":40}
UWB,1669369320565,{"position":{"x":-0.33814147,"y":2.497463,"z":0.26011267,"quality":56},"superFrameNumber":50}
UWB,1669369321566,{"position":{"x":-0.3001273,"y":2.5261328,"z":0.21351425,"quality":55},"superFrameNumber":60}
UWB,1669369322565,{"position":{"x":-0.29617211,"y":2.5200179,"z":0.23146056,"quality":55},"superFrameNumber":70}
UWB,1669369323565,{"position":{"x":-0.31412941,"y":2.5239494,"z":0.23135163,"quality":57},"superFrameNumber":80}
UWB,1669369324565,{"position":{"x":-0.29196623,"y":2.545857,"z":0.19322315,"quality":56},"superFrameNumber":90}
UWB,1669369325565,{"position":{"x":-0.25162178,"y":2.5731032,"z":0.16216159,"quality":55},"superFrameNumber":100}
UWB,1669369326565,{"position":{"x":-0.25084713,"y":2.5643229,"z":0.16379061,"quality":55},"superFrameNumber":110}
UWB,1669369327566,{"position":{"x":-0.25024104,"y":2.5756111,"z":0.13997357,"quality":56},"superFrameNumber":120}
UWB,1669369328565,{"position":{"x":-0.2519533,"y":2.5829034,"z":0.12000235,"quality":56},"superFrameNumber":130}
UWB,1669369329565,{"position":{"x":-0.2405376,"y":2.5836794,"z":0.12204226,"quality":55},"superFrameNumber":140}
UWB,1669369330565,{"position":{"x":-0.23490609,"y":2.5637903,"z":0.14087386,"quality":55},"superFrameNumber":150}
UWB,1669369331565,{"position":{"x":-0.23550344,"y":2.5610507,"z":0.15036942,"quality":55},"superFrameNumber":160}
UWB,1669369332566,{"position":{"x":-0.27038363,"y":2.541703,"z":0.18172313,"quality":57},"superFrameNumber":170}
UWB,1669369333567,{"position":{"x":-0.26224336,"y":2.5556462,"z":0.1672684,"quality":56},"superFrameNumber":180}
UWB,1669369334565,{"position":{"x":-0.26789337,"y":2.5559275,"z":0.17443816,"quality":56},"superFrameNumber":190}
UWB,1669369335565,{"position":{"x":-0.26568636,"y":2.5547676,"z":0.16246812,"quality":56},"superFrameNumber":200}
UWB,1669369336565,{"position":{"x":-0.2790418,"y":2.5585022,"z":0.15517797,"quality":57},"superFrameNumber":210}
UWB,1669369337565,{"position":{"x":-0.28227535,"y":2.5593684,"z":0.15759243,"quality":56},"superFrameNumber":220}
UWB,1669369338566,{"position":{"x":-0.30816144,"y":2.5548463,"z":0.15812992,"quality":58},"superFrameNumber":230}
UWB,1669369339565,{"position":{"x":-0.31658998,"y":2.5482118,"z":0.1613826,"quality":57},"superFrameNumber":240}
UWB,1669369340565,{"position":{"x":-0.30350369,"y":2.5503581,"z":0.15700763,"quality":56},"superFrameNumber":250}
UWB,1669369341565,{"position":{"x":-0.31643748,"y":2.543689,"z":0.16481161,"quality":57},"superFrameNumber":260}
UWB,1669369342565,{"position":{"x":-0.29294717,"y":2.5618114,"z":0.1456451,"quality":56},"superFrameNumber":270}
UWB,1669369343565,{"position":{"x":-0.30053112,"y":2.5485258,"z":0.1563298,"quality":56},"superFrameNumber":280}
UWB,1669369344566,{"position":{"x":-0.32026085,"y":2.5337675,"z":0.17996375,"quality":57},"superFrameNumber":290}
UWB,1669369345565,{"position":{"x":-0.34948575,"y":2.4924068,"z":0.22975245,"quality":57},"superFrameNumber":300}
UWB,1669369346565,{"position":{"x":-0.30319595,"y":2.491679,"z":0.22136325,"quality":54},"superFrameNumber":310}
UWB,1669369347565,{"position":{"x":-0.27119419,"y":2.5167816,"z":0.1771013,"quality":55},"superFrameNumber":320}
UWB,1669369348565,{"position":{"x":-0.27010879,"y":2.5040338,"z":0.2128641,"quality":55},"superFrameNumber":330}
UWB,1669369349565,{"position":{"x":-0.28985745,"y":2.5132365,"z":0.19617805,"quality":57},"superFrameNumber":340}
UWB,1669369350566,{"position":{"x":-0.29642853,"y":2.5182612,"z":0.19124977,"quality":57},"superFrameNumber":350}
UWB,1669369351565,{"position":{"x":-0.30221415,"y":2.5306547,"z":0.17337821,"quality":57},"superFrameNumber":360}
UWB,1669369352565,{"position":{"x":-0.31993198,"y":2.528734,"z":0.18850741,"quality":57},"superFrameNumber":370}
UWB,1669369353565,{"position":{"x":-0.30686185,"y":2.5485992,"z":0.16355306,"quality":56},"superFrameNumber":380}
UWB,1669369354565,{"position":{"x":-0.30731589,"y":2.5539033,"z":0.14949101,"quality":57},"superFrameNumber":390}
UWB,1669369355565,{"position":{"x":-0.29096809,"y":2.546324,"z":0.15719943,"quality":55},"superFrameNumber":400}
UWB,1669369356566,{"position":{"x":-0.31718025,"y":2.5389822,"z":0.19014859,"quality":57},"superFrameNumber":410}
UWB,1669369357565,{"position":{"x":-0.31046999,"y":2.5360169,"z":0.20258765,"quality":56},"superFrameNumber":420}
UWB,1669369358565,{"position":{"x":-0.29263762,"y":2.5373762,"z":0.18235697,"quality":56},"superFrameNumber":430}
UWB,1669369359565,{"position":{"x":-0.25274977,"y":2.5198226,"z":0.18491438,"quality":53},"superFrameNumber":440}
UWB,1669369360565,{"position":{"x":-0.22923067,"y":2.5485418,"z":0.15470038,"quality":55},"superFrameNumber":450}
UWB,1669369361566,{"position":{"x":-0.23391791,"y":2.539922,"z":0.17308007,"quality":55},"superFrameNumber":460}
UWB,1669369362565,{"position":{"x":-0.27425978,"y":2.5205464,"z":0.21852392,"quality":57},"superFrameNumber":470}
UWB,1669369363565,{"position":{"x":-0.24587259,"y":2.5352502,"z":0.19909289,"quality":54},"superFrameNumber":480}
UWB,1669369364565,{"position":{"x":-0.25490558,"y":2.5568814,"z":0.17329724,"quality":57},"superFrameNumber":490}
UWB,1669369365565,{"position":{"x":-0.30802703,"y":2.5239952,"z":0.22141807,"quality":58},"superFrameNumber":500}
UWB,1669369366565,{"position":{"x":-0.30696908,"y":2.5273473,"z":0.21652457,"quality":56},"superFrameNumber":510}
UWB,1669369367566,{"position":{"x":-0.29325598,"y":2.5291893,"z":0.21619388,"quality":55},"superFrameNumber":520}
UWB,1669369368565,{"position":{"x":-0.26422828,"y":2.5405049,"z":0.17731939,"quality":55},"superFrameNumber":530}
UWB,1669369369566,{"position":{"x":-0.25813621,"y":2.5429006,"z":0.17876849,"quality":55},"superFrameNumber":540}
UWB,1669369370565,{"position":{"x":-0.26217136,"y":2.5548093,"z":0.1666232,"quality":56},"superFrameNumber":550}
UWB,1669369371566,{"position":{"x":-0.2949411,"y":2.5456126,"z":0.18194745,"quality":57},"superFrameNumber":560}
UWB,1669369372566,{"position":{"x":-0.28907973,"y":2.5393975,"z":0.1897604,"quality":56},"superFrameNumber":570}
UWB,1669369373566,{"position":{"x":-0.2328615,"y":2.5442188,"z":0.16776597,"quality":53},"superFrameNumber":580}
UWB,1669369374566,{"position":{"x":-0.26401314,"y":2.5111148,"z":0.21731932,"quality":56},"superFrameNumber":590}
UWB,1669369375565,{"position":{"x":-0.27188975,"y":2.5166497,"z":0.1940829,"quality":56},"superFrameNumber":600}
UWB,1669369376566,{"position":{"x":-0.293051,"y":2.509095,"z":0.23411098,"quality":56},"superFrameNumber":610}
UWB,1669369377566,{"position":{"x":-0.26473126,"y":2.5247314,"z":0.19179127,"quality":55},"superFrameNumber":620}
UWB,1669369378566,{"position":{"x":-0.2708475,"y":2.5226681,"z":0.20770836,"quality":56},"superFrameNumber":630}
UWB,1669369379566,{"position":{"x":-0.24099086,"y":2.537761,"z":0.18321899,"quality":54},"superFrameNumber":640}
UWB,1669369380566,{"position":{"x":-0.29380468,"y":2.4883859,"z":0.24429314,"quality":57},"superFrameNumber":650}
UWB,1669369381566,{"position":{"x":-0.29621476,"y":2.5202382,"z":0.2160394,"quality":57},"superFrameNumber":660}
UWB,1669369382566,{"position":{"x":-0.28700072,"y":2.5438702,"z":0.18367507,"quality":56},"superFrameNumber":670}
UWB,1669369383566,{"position":{"x":-0.26671985,"y":2.5521173,"z":0.17097023,"quality":55},"superFrameNumber":680}
UWB,1669369384566,{"position":{"x":-0.27894405,"y":2.5515795,"z":0.17872114,"quality":56},"superFrameNumber":690}
UWB,1669369385566,{"position":{"x":-0.28114232,"y":2.5628693,"z":0.17298289,"quality":56},"superFrameNumber":700}
UWB,1669369386565,{"position":{"x":-0.2970666,"y":2.5346203,"z":0.19949901,"quality":56},"superFrameNumber":710}
UWB,1669369387566,{"position":{"x":-0.28009787,"y":2.5324693,"z":0.2037921,"quality":55},"superFrameNumber":720}
UWB,1669369388566,{"position":{"x":-0.26820073,"y":2.5559778,"z":0.16370632,"quality":56},"superFrameNumber":730}
UWB,1669369389566,{"position":{"x":-0.28429553,"y":2.5452175,"z":0.16661301,"quality":57},"superFrameNumber":740}
UWB,1669369390566,{"position":{"x":-0.29547018,"y":2.5572677,"z":0.17271839,"quality":57},"superFrameNumber":750}
UWB,1669369391566,{"position":{"x":-0.308133,"y":2.5417736,"z":0.18870459,"quality":57},"superFrameNumber":760}
UWB,1669369392565,{"position":{"x":-0.31714639,"y":2.5449717,"z":0.20813017,"quality":57},"superFrameNumber":770}
UWB,1669369393566,{"position":{"x":-0.36120436,"y":2.518374,"z":0.25033423,"quality":58},"superFrameNumber":780}
UWB,1669369394566,{"position":{"x":-0.37786865,"y":2.5084465,"z":0.26313716,"quality":58},"superFrameNumber":790}
UWB,1669369395566,{"position":{"x":-0.36963922,"y":2.5342784,"z":0.21903773,"quality":58},"superFrameNumber":800}
UWB,1669369396566,{"position":{"x":-0.3113777,"y":2.5582881,"z":0.17198342,"quality":55},"superFrameNumber":810}
UWB,1669369397565,{"position":{"x":-0.32869485,"y":2.5581827,"z":0.16894554,"quality":58},"superFrameNumber":820}
UWB,1669369398566,{"position":{"x":-0.28791755,"y":2.5691929,"z":0.15002646,"quality":55},"superFrameNumber":830}
UWB,1669369399566,{"position":{"x":-0.28789005,"y":2.555686,"z":0.16843368,"quality":56},"superFrameNumber":840}
UWB,1669369400566,{"position":{"x":-0.33227921,"y":2.521642,"z":0.2332603,"quality":58},"superFrameNumber":850}
UWB,1669369401566,{"position":{"x":-0.30596864,"y":2.5128212,"z":0.23317786,"quality":55},"superFrameNumber":860}
UWB,1669369402566,{"position":{"x":-0.29280671,"y":2.5314205,"z":0.19381453,"quality":56},"superFrameNumber":870}
UWB,1669369403565,{"position":{"x":-0.33263677,"y":2.5258512,"z":0.20837162,"quality":58},"superFrameNumber":880}
UWB,1669369404566,{"position":{"x":-0.3357029,"y":2.5210657,"z":0.22380839,"quality":57},"superFrameNumber":890}
UWB,1669369405566,{"position":{"x":-0.26434451,"y":2.5321269,"z":0.19271675,"quality":53},"superFrameNumber":900}
UWB,1669369406566,{"position":{"x":-0.25758225,"y":2.5373034,"z":0.18925159,"quality":55},"superFrameNumber":910}
UWB,1669369407566,{"position":{"x":-0.25914237,"y":2.5579808,"z":0.17395176,"quality":56},"superFrameNumber":920}
UWB,1669369408565,{"position":{"x":-0.2779139,"y":2.5382552,"z":0.18884704,"quality":56},"superFrameNumber":930}
UWB,1669369409566,{"position":{"x":-0.26311547,"y":2.5579426,"z":0.17129181,"quality":56},"superFrameNumber":940}
UWB,1669369410566,{"position":{"x":-0.2664786,"y":2.5399184,"z":0.17803645,"quality":56},"superFrameNumber":950}
UWB,1669369411566,{"position":{"x":-0.23088475,"y":2.5522974,"z":0.15711288,"quality":54},"superFrameNumber":960}
UWB,1669369412566,{"position":{"x":-0.21290842,"y":2.575212,"z":0.13269743,"quality":55},"superFrameNumber":970}
UWB,1669369413566,{"position":{"x":-0.20872737,"y":2.5597789,"z":0.14690866,"quality":54},"superFrameNumber":980}
UWB,1669369414565,{"position":{"x":-0.19981134,"y":2.5705757,"z":0.14146453,"quality":55},"superFrameNumber":990}
UWB,1669369415566,{"position":{"x":-0.20369284,"y":2.5611391,"z":0.14294714,"quality":55},"superFrameNumber":1000}
UWB,1669369416566,{"position":{"x":-0.22546764,"y":2.5606196,"z":0.1371738,"quality":56},"superFrameNumber":1010}
UWB,1669369417566,{"position":{"x":-0.2226212,"y":2.5621293,"z":0.13585888,"quality":55},"superFrameNumber":1020}
UWB,1669369418566,{"position":{"x":-0.23784219,"y":2.5853727,"z":0.12051447,"quality":57},"superFrameNumber":1030}
UWB,1669369419565,{"position":{"x":-0.24714376,"y":2.5648041,"z":0.11922479,"quality":56},"superFrameNumber":1040}
UWB,1669369420566,{"position":{"x":-0.23661441,"y":2.5595686,"z":0.12205438,"quality":55},"superFrameNumber":1050}
UWB,1669369421566,{"position":{"x":-0.26131555,"y":2.553124,"z":0.15496011,"quality":57},"superFrameNumber":1060}
UWB,1669369422566,{"position":{"x":-0.25476927,"y":2.5366611,"z":0.17646816,"quality":55},"superFrameNumber":1070}
UWB,1669369423566,{"position":{"x":-0.31462839,"y":2.4895597,"z":0.24503574,"quality":58},"superFrameNumber":1080}
UWB,1669369424566,{"position":{"x":-0.30420458,"y":2.5079403,"z":0.21984902,"quality":56},"superFrameNumber":1090}
UWB,1669369425565,{"position":{"x":-0.29782838,"y":2.5169873,"z":0.21409117,"quality":56},"superFrameNumber":1100}
UWB,1669369426566,{"position":{"x":-0.31849694,"y":2.5188165,"z":0.21052727,"quality":57},"superFrameNumber":1110}
UWB,1669369427566,{"position":{"x":-0.31096289,"y":2.5256479,"z":0.21708935,"quality":56},"superFrameNumber":1120}
UWB,1669369428566,{"position":{"x":-0.30210248,"y":2.54164,"z":0.20589574,"quality":56},"superFrameNumber":1130}
UWB,1669369429566,{"position":{"x":-0.30393183,"y":2.5471056,"z":0.19366422,"quality":57},"superFrameNumber":1140}
UWB,1669369430565,{"position":{"x":-0.33340257,"y":2.5051808,"z":0.24595571,"quality":57},"superFrameNumber":1150}
UWB,1669369431566,{"position":{"x":-0.35263383,"y":2.5023236,"z":0.25121108,"quality":58},"superFrameNumber":1160}
UWB,1669369432566,{"position":{"x":-0.33947691,"y":2.4745753,"z":0.27903697,"quality":55},"superFrameNumber":1170}
UWB,1669369433566,{"position":{"x":-0.31073582,"y":2.5082395,"z":0.2119198,"quality":56},"superFrameNumber":1180}
UWB,1669369434566,{"position":{"x":-0.30166459,"y":2.5383074,"z":0.17637184,"quality":57},"superFrameNumber":1190}
UWB,1669369435565,{"position":{"x":-0.27942505,"y":2.5511277,"z":0.15921488,"quality":55},"superFrameNumber":1200}
UWB,1669369436566,{"position":{"x":-0.26168662,"y":2.5623565,"z":0.15812217,"quality":55},"superFrameNumber":1210}
UWB,1669369437566,{"position":{"x":-0.28201398,"y":2.5421708,"z":0.17638414,"quality":57},"superFrameNumber":1220}
UWB,1669369438566,{"position":{"x":-0.27216318,"y":2.5458789,"z":0.16139677,"quality":56},"superFrameNumber":1230}
UWB,1669369439566,{"position":{"x":-0.32027408,"y":2.5093477,"z":0.22694132,"quality":58},"superFrameNumber":1240}
UWB,1669369440566,{"position":{"x":-0.30146557,"y":2.5313823,"z":0.18934807,"quality":56},"superFrameNumber":1250}
UWB,1669369441566,{"position":{"x":-0.255266,"y":2.558233,"z":0.16137359,"quality":54},"superFrameNumber":1260}
UWB,1669369442566,{"position":{"x":-0.24293405,"y":2.5760021,"z":0.14208549,"quality":56},"superFrameNumber":1270}
UWB,1669369443566,{"position":{"x":-0.22646371,"y":2.5735853,"z":0.14271031,"quality":55},"superFrameNumber":1280}
UWB,1669369444566,{"position":{"x":-0.22779284,"y":2.5800328,"z":0.14120245,"quality":56},"superFrameNumber":1290}
UWB,1669369445566,{"position":{"x":-0.26684731,"y":2.5281103,"z":0.20764354,"quality":56},"superFrameNumber":1300}
UWB,1669369446565,{"position":{"x":-0.25279292,"y":2.5402949,"z":0.19518375,"quality":55},"superFrameNumber":1310}
UWB,1669369447566,{"position":{"x":-0.27471304,"y":2.5327399,"z":0.20826806,"quality":57},"superFrameNumber":1320}
UWB,1669369448566,{"position":{"x":-0.27677825,"y":2.5551534,"z":0.19408149,"quality":56},"superFrameNumber":1330}
UWB,1669369449566,{"position":{"x":-0.28858224,"y":2.5112782,"z":0.23955661,"quality":55},"superFrameNumber":1340}
UWB,1669369450566,{"position":{"x":-0.26252383,"y":2.5179408,"z":0.21793146,"quality":55},"superFrameNumber":1350}
UWB,1669369451566,{"position":{"x":-0.25851288,"y":2.5412266,"z":0.19599976,"quality":56},"superFrameNumber":1360}
UWB,1669369452566,{"position":{"x":-0.27847463,"y":2.5069454,"z":0.24513537,"quality":56},"superFrameNumber":1370}
UWB,1669369453566,{"position":{"x":-0.3094748,"y":2.4885075,"z":0.28215471,"quality":57},"superFrameNumber":1380}
UWB,1669369454566,{"position":{"x":-0.29703984,"y":2.5150242,"z":0.2262266,"quality":56},"superFrameNumber":1390}
UWB,1669369455566,{"position":{"x":-0.29241452,"y":2.5084898,"z":0.22445984,"quality":56},"superFrameNumber":1400}
UWB,1669369456566,{"position":{"x":-0.26615664,"y":2.5409098,"z":0.1799448,"quality":55},"superFrameNumber":1410}
UWB,1669369457565,{"position":{"x":-0.28644428,"y":2.5340116,"z":0.19172193,"quality":57},"superFrameNumber":1420}
UWB,1669369458566,{"position":{"x":-0.31867081,"y":2.4968803,"z":0.24843492,"quality":57},"superFrameNumber":1430}
UWB,1669369459566,{"position":{"x":-0.3384316,"y":2.5013084,"z":0.24896857,"quality":57},"superFrameNumber":0}
UWB,1669369460566,{"position":{"x":-0.35528421,"y":2.497962,"z":0.25970867,"quality":57},"superFrameNumber":10}
UWB,1669369461566,{"position":{"x":-0.33545914,"y":2.5103106,"z":0.22633053,"quality":56},"superFrameNumber":20}
UWB,1669369462566,{"position":{"x":-0.31552392,"y":2.5096755,"z":0.24415489,"quality":55},"superFrameNumber":30}
UWB,1669369463566,{"position":{"x":-0.3073864,"y":2.5204189,"z":0.20695806,"quality":56},"superFrameNumber":40}
UWB,1669369464566,{"position":{"x":-0.29940203,"y":2.5137236,"z":0.21234155,"quality":55},"superFrameNumber":50}
UWB,1669369465566,{"position":{"x":-0.29681748,"y":2.534025,"z":0.18874967,"quality":57},"superFrameNumber":60}
UWB,1669369466566,{"position":{"x":-0.30250585,"y":2.5461562,"z":0.17445278,"quality":57},"superFrameNumber":70}
UWB,1669369467566,{"position":{"x":-0.29217985,"y":2.5579956,"z":0.15586922,"quality":56},"superFrameNumber":80}
UWB,1669369468565,{"position":{"x":-0.26093084,"y":2.5677886,"z":0.14476065,"quality":55},"superFrameNumber":90}
UWB,1669369469566,{"position":{"x":-0.29773274,"y":2.5305662,"z":0.21505502,"quality":57},"superFrameNumber":100}
UWB,1669369470566,{"position":{"x":-0.2714172,"y":2.5368822,"z":0.18532288,"quality":55},"superFrameNumber":110}
UWB,1669369471566,{"position":{"x":-0.27689955,"y":2.5497913,"z":0.15678738,"quality":57},"superFrameNumber":120}
UWB,1669369472566,{"position":{"x":-0.3339141,"y":2.5062091,"z":0.22881426,"quality":58},"superFrameNumber":130}
UWB,1669369473566,{"position":{"x":-0.30298257,"y":2.5170043,"z":0.20855041,"quality":55},"superFrameNumber":140}
UWB,1669369474565,{"position":{"x":-0.28095558,"y":2.5260415,"z":0.20033696,"quality":55},"superFrameNumber":150}
UWB,1669369475566,{"position":{"x":-0.33739623,"y":2.4900019,"z":0.25671852,"quality":58},"superFrameNumber":160}
UWB,1669369476566,{"position":{"x":-0.35407564,"y":2.4674447,"z":0.28870115,"quality":57},"superFrameNumber":170}
UWB,1669369477566,{"position":{"x":-0.34031907,"y":2.4923954,"z":0.24999174,"quality":57},"superFrameNumber":180}
UWB,1669369478566,{"position":{"x":-0.33955088,"y":2.4976349,"z":0.22105749,"quality":57},"superFrameNumber":190}
UWB,1669369479565,{"position":{"x":-0.31079397,"y":2.4964085,"z":0.22369112,"quality":55},"superFrameNumber":200}
UWB,1669369480566,{"position":{"x":-0.31274933,"y":2.4860463,"z":0.22819227,"quality":56},"superFrameNumber":210}
UWB,1669369481566,{"position":{"x":-0.30572206,"y":2.5146849,"z":0.19249105,"quality":57},"superFrameNumber":220}
UWB,1669369482566,{"position":{"x":-0.27730197,"y":2.5211959,"z":0.18799293,"quality":55},"superFrameNumber":230}
UWB,1669369483566,{"position":{"x":-0.23524547,"y":2.5315287,"z":0.16074419,"quality":54},"superFrameNumber":240}
UWB,1669369484566,{"position":{"x":-0.29400152,"y":2.4874816,"z":0.21779515,"quality":58},"superFrameNumber":250}
UWB,1669369485565,{"position":{"x":-0.31318945,"y":2.5073872,"z":0.19553921,"quality":58},"superFrameNumber":260}
UWB,1669369486566,{"position":{"x":-0.34983802,"y":2.4826875,"z":0.25097653,"quality":58},"superFrameNumber":270}
UWB,1669369487568,{"position":{"x":-0.34872028,"y":2.5036492,"z":0.21757953,"quality":57},"superFrameNumber":280}
UWB,1669369488566,{"position":{"x":-0.30385187,"y":2.5253098,"z":0.17671777,"quality":55},"superFrameNumber":290}
UWB,1669369489566,{"position":{"x":-0.28410733,"y":2.5296371,"z":0.16414908,"quality":55},"superFrameNumber":300}
UWB,1669369490566,{"position":{"x":-0.28719276,"y":2.5452392,"z":0.1599475,"quality":57},"superFrameNumber":310}
UWB,1669369491566,{"position":{"x":-0.30086347,"y":2.539161,"z":0.16127564,"quality":57},"superFrameNumber":320}
UWB,1669369492566,{"position":{"x":-0.32013372,"y":2.5379705,"z":0.17129594,"quality":57},"superFrameNumber":330}
UWB,1669369493567,{"position":{"x":-0.3317467,"y":2.5435312,"z":0.18349782,"quality":57},"superFrameNumber":340}
UWB,1669369494566,{"position":{"x":-0.31868145,"y":2.5611961,"z":0.17826308,"quality":56},"superFrameNumber":350}
UWB,1669369495565,{"position":{"x":-0.27992114,"y":2.572175,"z":0.14998618,"quality":55},"superFrameNumber":360}
UWB,1669369496566,{"position":{"x":-0.29977378,"y":2.5462997,"z":0.1715378,"quality":57},"superFrameNumber":370}
UWB,1669369497566,{"position":{"x":-0.30810884,"y":2.5318961,"z":0.16472505,"quality":57},"superFrameNumber":380}
UWB,1669369498566,{"position":{"x":-0.30774319,"y":2.5210435,"z":0.17949201,"quality":56},"superFrameNumber":390}
UWB,1669369499567,{"position":{"x":-0.26521412,"y":2.5396023,"z":0.15567328,"quality":54},"superFrameNumber":400}
UWB,1669369500566,{"position":{"x":-0.31264782,"y":2.5108929,"z":0.22103012,"quality":58},"superFrameNumber":410}
UWB,1669369501566,{"position":{"x":-0.21479262,"y":2.5098441,"z":0.21101259,"quality":59},"superFrameNumber":420}
UWB,1669369502566,{"position":{"x":-0.25167468,"y":2.496845,"z":0.2626099,"quality":56},"superFrameNumber":430}
UWB,1669369503566,{"position":{"x":-0.25425461,"y":2.5301971,"z":0.22336072,"quality":56},"superFrameNumber":440}
UWB,1669369504566,{"position":{"x":-0.1881981,"y":2.5890613,"z":0.13996021,"quality":70},"superFrameNumber":450}
UWB,1669369505567,{"position":{"x":-0.24149562,"y":2.5878308,"z":0.14672516,"quality":58},"superFrameNumber":460}
UWB,1669369506565,{"position":{"x":-0.29363212,"y":2.5347009,"z":0.21159288,"quality":57},"superFrameNumber":470}
UWB,1669369507566,{"position":{"x":-0.26479211,"y":2.5448744,"z":0.187631,"quality":55},"superFrameNumber":480}
UWB,1669369508566,{"position":{"x":-0.28837669,"y":2.5096805,"z":0.23533067,"quality":56},"superFrameNumber":490}
UWB,1669369509566,{"position":{"x":-0.28895941,"y":2.5374534,"z":0.19911656,"quality":57},"superFrameNumber":500}
UWB,1669369510566,{"position":{"x":-0.28242096,"y":2.5363059,"z":0.20624933,"quality":55},"superFrameNumber":510}
UWB,1669369511567,{"position":{"x":-0.29162323,"y":2.5182149,"z":0.21389619,"quality":56},"superFrameNumber":520}
UWB,1669369512565,{"position":{"x":-0.31571832,"y":2.5009396,"z":0.26277786,"quality":57},"superFrameNumber":530}
UWB,1669369513566,{"position":{"x":-0.33640563,"y":2.4803889,"z":0.30763209,"quality":56},"superFrameNumber":540}
UWB,1669369514566,{"position":{"x":-0.31388035,"y":2.478385,"z":0.28844139,"quality":55},"superFrameNumber":550}
UWB,1669369515566,{"position":{"x":-0.31082186,"y":2.4999058,"z":0.25086951,"quality":57},"superFrameNumber":560}
UWB,1669369516566,{"position":{"x":-0.31151003,"y":2.5162888,"z":0.23712195,"quality":56},"superFrameNumber":570}
UWB,1669369517565,{"position":{"x":-0.29375243,"y":2.5481286,"z":0.19699422,"quality":56},"superFrameNumber":580}
UWB,1669369518566,{"position":{"x":-0.28671169,"y":2.5608196,"z":0.18315074,"quality":56},"superFrameNumber":590}
UWB,1669369519566,{"position":{"x":-0.2945112,"y":2.5509624,"z":0.20047778,"quality":56},"superFrameNumber":600}
UWB,1669369520566,{"position":{"x":-0.27364907,"y":2.5569665,"z":0.18641193,"quality":55},"superFrameNumber":610}
UWB,1669369521566,{"position":{"x":-0.2583141,"y":2.568326,"z":0.17234747,"quality":55},"superFrameNumber":620}
UWB,1669369522566,{"position":{"x":-0.24644768,"y":2.5889761,"z":0.16100213,"quality":55},"superFrameNumber":630}
UWB,1669369523566,{"position":{"x":-0.24363498,"y":2.5783103,"z":0.15952644,"quality":55},"superFrameNumber":640}
UWB,1669369524566,{"position":{"x":-0.25572026,"y":2.5788012,"z":0.16457219,"quality":56},"superFrameNumber":650}
UWB,1669369525566,{"position":{"x":-0.25099289,"y":2.5727894,"z":0.17155433,"quality":55},"superFrameNumber":660}
UWB,1669369526566,{"position":{"x":-0.26223579,"y":2.55124,"z":0.18073134,"quality":56},"superFrameNumber":670}
UWB,1669369527566,{"position":{"x":-0.27867252,"y":2.5374169,"z":0.2000711,"quality":56},"superFrameNumber":680}
UWB,1669369528565,{"position":{"x":-0.2927632,"y":2.5051725,"z":0.23972866,"quality":56},"superFrameNumber":690}
UWB,1669369529567,{"position":{"x":-0.27735168,"y":2.5289965,"z":0.19749619,"quality":56},"superFrameNumber":700}
UWB,1669369530566,{"position":{"x":-0.29250067,"y":2.5240238,"z":0.20815744,"quality":57},"superFrameNumber":710}
UWB,1669369531566,{"position":{"x":-0.28467596,"y":2.5404768,"z":0.18041205,"quality":56},"superFrameNumber":720}
UWB,1669369532566,{"position":{"x":-0.26912603,"y":2.5648873,"z":0.16179304,"quality":56},"superFrameNumber":730}
UWB,1669369533566,{"position":{"x":-0.27920386,"y":2.5616593,"z":0.17502272,"quality":56},"superFrameNumber":740}
UWB,1669369534565,{"position":{"x":-0.27687389,"y":2.5739536,"z":0.15861592,"quality":56},"superFrameNumber":750}
UWB,1669369535567,{"position":{"x":-0.29542992,"y":2.5247691,"z":0.20622823,"quality":56},"superFrameNumber":760}
UWB,1669369536566,{"position":{"x":-0.29496127,"y":2.5279114,"z":0.19858703,"quality":56},"superFrameNumber":770}
UWB,1669369537566,{"position":{"x":-0.27992809,"y":2.5495274,"z":0.16200152,"quality":56},"superFrameNumber":780}
UWB,1669369538566,{"position":{"x":-0.29038405,"y":2.5665312,"z":0.14633556,"quality":57},"superFrameNumber":790}
UWB,1669369539566,{"position":{"x":-0.26323256,"y":2.5619078,"z":0.14843617,"quality":55},"superFrameNumber":800}
UWB,1669369540567,{"position":{"x":-0.30443278,"y":2.5452154,"z":0.17626408,"quality":58},"superFrameNumber":810}
UWB,1669369541567,{"position":{"x":-0.31119549,"y":2.5527685,"z":0.19481683,"quality":57},"superFrameNumber":820}
UWB,1669369542566,{"position":{"x":-0.30259687,"y":2.5374215,"z":0.21043502,"quality":55},"superFrameNumber":830}
UWB,1669369543566,{"position":{"x":-0.30776837,"y":2.5283864,"z":0.20345433,"quality":56},"superFrameNumber":840}
UWB,1669369544566,{"position":{"x":-0.31594464,"y":2.5238082,"z":0.21447098,"quality":57},"superFrameNumber":850}
UWB,1669369545566,{"position":{"x":-0.30311525,"y":2.5488017,"z":0.1875696,"quality":56},"superFrameNumber":860}
UWB,1669369546566,{"position":{"x":-0.32424465,"y":2.5406194,"z":0.2107683,"quality":57},"superFrameNumber":870}
UWB,1669369547566,{"position":{"x":-0.33410606,"y":2.5314786,"z":0.21682775,"quality":57},"superFrameNumber":880}
UWB,1669369548566,{"position":{"x":-0.34701547,"y":2.5186024,"z":0.2207066,"quality":57},"superFrameNumber":890}
UWB,1669369549566,{"position":{"x":-0.33672526,"y":2.5314615,"z":0.21050793,"quality":56},"superFrameNumber":900}
UWB,1669369550566,{"position":{"x":-0.31684285,"y":2.5355761,"z":0.20087805,"quality":56},"superFrameNumber":910}
UWB,1669369551566,{"position":{"x":-0.31445873,"y":2.5436983,"z":0.18616697,"quality":57},"superFrameNumber":920}
UWB,1669369552567,{"position":{"x":-0.30596581,"y":2.5607636,"z":0.15097125,"quality":57},"superFrameNumber":930}
UWB,1669369553566,{"position":{"x":-0.3047291,"y":2.5454767,"z":0.17115484,"quality":56},"superFrameNumber":940}
UWB,1669369554566,{"position":{"x":-0.33302101,"y":2.5098917,"z":0.20632729,"quality":57},"superFrameNumber":950}
UWB,1669369555565,{"position":{"x":-0.3013384,"y":2.5150843,"z":0.17583233,"quality":55},"superFrameNumber":960}
UWB,1669369556566,{"position":{"x":-0.29018033,"y":2.5182617,"z":0.1738493,"quality":56},"superFrameNumber":970}
UWB,1669369557566,{"position":{"x":-0.28321707,"y":2.5197031,"z":0.1718404,"quality":56},"superFrameNumber":980}
UWB,1669369558567,{"position":{"x":-0.25810173,"y":2.5425749,"z":0.15154159,"quality":55},"superFrameNumber":990}
UWB,1669369559566,{"position":{"x":-0.27757651,"y":2.5435388,"z":0.17663513,"quality":57},"superFrameNumber":1000}
UWB,1669369560566,{"position":{"x":-0.30739218,"y":2.5159729,"z":0.2304813,"quality":57},"superFrameNumber":1010}
UWB,1669369561566,{"position":{"x":-0.26673087,"y":2.5441017,"z":0.18651171,"quality":55},"superFrameNumber":1020}
UWB,1669369562566,{"position":{"x":-0.27515712,"y":2.5316515,"z":0.1997543,"quality":56},"superFrameNumber":1030}
UWB,1669369563567,{"position":{"x":-0.26847354,"y":2.555696,"z":0.17063051,"quality":56},"superFrameNumber":1040}
UWB,1669369564566,{"position":{"x":-0.28038281,"y":2.5422277,"z":0.19618632,"quality":56},"superFrameNumber":1050}
UWB,1669369565566,{"position":{"x":-0.26781353,"y":2.5408125,"z":0.21418397,"quality":55},"superFrameNumber":1060}
UWB,1669369566566,{"position":{"x":-0.23186252,"y":2.5657883,"z":0.17736933,"quality":54},"superFrameNumber":1070}
UWB,1669369567566,{"position":{"x":-0.25293234,"y":2.5549104,"z":0.17493533,"quality":57},"superFrameNumber":1080}
UWB,1669369568566,{"position":{"x":-0.28612939,"y":2.5197663,"z":0.21420577,"quality":57},"superFrameNumber":1090}
UWB,1669369569566,{"position":{"x":-0.26682872,"y":2.5450902,"z":0.17864007,"quality":56},"superFrameNumber":1100}
UWB,1669369570567,{"position":{"x":-0.26568684,"y":2.5342741,"z":0.18764085,"quality":55},"superFrameNumber":1110}
UWB,1669369571567,{"position":{"x":-0.27751264,"y":2.528255,"z":0.21204618,"quality":56},"superFrameNumber":1120}
UWB,1669369572566,{"position":{"x":-0.31081691,"y":2.5405846,"z":0.19535595,"quality":58},"superFrameNumber":1130}
UWB,1669369573567,{"position":{"x":-0.31530476,"y":2.5595188,"z":0.1821062,"quality":57},"superFrameNumber":1140}
UWB,1669369574567,{"position":{"x":-0.30829784,"y":2.5692804,"z":0.17893264,"quality":56},"superFrameNumber":1150}
UWB,1669369575566,{"position":{"x":-0.27719784,"y":2.5619292,"z":0.17585592,"quality":54},"superFrameNumber":1160}
UWB,1669369576566,{"position":{"x":-0.2975544,"y":2.5597959,"z":0.19742306,"quality":57},"superFrameNumber":1170}
UWB,1669369577566,{"position":{"x":-0.29937649,"y":2.5596454,"z":0.19689845,"quality":56},"superFrameNumber":1180}
UWB,1669369578567,{"position":{"x":-0.30662712,"y":2.5519786,"z":0.20212714,"quality":57},"superFrameNumber":1190}
UWB,1669369579566,{"position":{"x":-0.32280123,"y":2.5605943,"z":0.20149808,"quality":57},"superFrameNumber":1200}
UWB,1669369580567,{"position":{"x":-0.31859955,"y":2.5367534,"z":0.2328108,"quality":55},"superFrameNumber":1210}
UWB,1669369581566,{"position":{"x":-0.30237553,"y":2.5635903,"z":0.20198363,"quality":56},"superFrameNumber":1220}
UWB,1669369582566,{"position":{"x":-0.29658419,"y":2.556402,"z":0.19580266,"quality":56},"superFrameNumber":1230}
UWB,1669369583566,{"position":{"x":-0.27660647,"y":2.5527453,"z":0.17648745,"quality":55},"superFrameNumber":1240}
UWB,1669369584566,{"position":{"x":-0.29899386,"y":2.558898,"z":0.17707916,"quality":57},"superFrameNumber":1250}
UWB,1669369585566,{"position":{"x":-0.2807045,"y":2.569782,"z":0.1476887,"quality":56},"superFrameNumber":1260}
UWB,1669369586567,{"position":{"x":-0.2640802,"y":2.5821064,"z":0.13157056,"quality":56},"superFrameNumber":1270}
UWB,1669369587566,{"position":{"x":-0.25593054,"y":2.5573471,"z":0.16248512,"quality":55},"superFrameNumber":1280}
UWB,1669369588566,{"position":{"x":-0.26149303,"y":2.556356,"z":0.17598057,"quality":56},"superFrameNumber":1290}
UWB,1669369589567,{"position":{"x":-0.26982343,"y":2.5445347,"z":0.19459149,"quality":56},"superFrameNumber":1300}
UWB,1669369590566,{"position":{"x":-0.28886065,"y":2.5240357,"z":0.22595111,"quality":56},"superFrameNumber":1310}
UWB,1669369591566,{"position":{"x":-0.28438365,"y":2.521878,"z":0.224701,"quality":56},"superFrameNumber":1320}
UWB,1669369592566,{"position":{"x":-0.2455218,"y":2.541157,"z":0.18791717,"quality":54},"superFrameNumber":1330}
UWB,1669369593567,{"position":{"x":-0.24651027,"y":2.5421548,"z":0.17852618,"quality":56},"superFrameNumber":1340}
UWB,1669369594566,{"position":{"x":-0.2543194,"y":2.5480251,"z":0.15706962,"quality":56},"superFrameNumber":1350}
UWB,1669369595567,{"position":{"x":-0.28352123,"y":2.5447,"z":0.17397656,"quality":57},"superFrameNumber":1360}
UWB,1669369596567,{"position":{"x":-0.30813265,"y":2.5283823,"z":0.19282891,"quality":57},"superFrameNumber":1370}
UWB,1669369597567,{"position":{"x":-0.27850145,"y":2.5183144,"z":0.19276115,"quality":54},"superFrameNumber":1380}
UWB,1669369598567,{"position":{"x":-0.28669855,"y":2.5314128,"z":0.17320244,"quality":57},"superFrameNumber":1390}
UWB,1669369599566,{"position":{"x":-0.24710372,"y":2.5574853,"z":0.15649815,"quality":54},"superFrameNumber":1400}
UWB,1669369600566,{"position":{"x":-0.26728156,"y":2.5471826,"z":0.17227966,"quality":56},"superFrameNumber":1410}
UWB,1669369601567,{"position":{"x":-0.27168968,"y":2.5384965,"z":0.21355408,"quality":55},"superFrameNumber":1420}
UWB,1669369602566,{"position":{"x":-0.21735056,"y":2.5446293,"z":0.19138248,"quality":53},"superFrameNumber":1430}
UWB,1669369603567,{"position":{"x":-0.22724046,"y":2.5474358,"z":0.17147069,"quality":56},"superFrameNumber":0}
UWB,1669369604566,{"position":{"x":-0.26387712,"y":2.5403087,"z":0.19702105,"quality":57},"superFrameNumber":10}
UWB,1669369605566,{"position":{"x":-0.26115316,"y":2.5463088,"z":0.1847892,"quality":56},"superFrameNumber":20}
UWB,1669369606567,{"position":{"x":-0.26180965,"y":2.5512409,"z":0.17943659,"quality":56},"superFrameNumber":30}
UWB,1669369607567,{"position":{"x":-0.26884803,"y":2.5494225,"z":0.18423425,"quality":56},"superFrameNumber":40}
UWB,1669369608567,{"position":{"x":-0.26358649,"y":2.5462348,"z":0.16648069,"quality":56},"superFrameNumber":50}
UWB,1669369609567,{"position":{"x":-0.27115136,"y":2.5565524,"z":0.15914071,"quality":57},"superFrameNumber":60}
UWB,1669369610566,{"position":{"x":-0.28284094,"y":2.5477619,"z":0.18247025,"quality":56},"superFrameNumber":70}
UWB,1669369611567,{"position":{"x":-0.33134443,"y":2.5369353,"z":0.20497552,"quality":59},"superFrameNumber":80}
UWB,1669369612567,{"position":{"x":-0.35518783,"y":2.5311677,"z":0.22858427,"quality":58},"superFrameNumber":90}
UWB,1669369613567,{"position":{"x":-0.34474716,"y":2.5304952,"z":0.22967552,"quality":56},"superFrameNumber":100}
UWB,1669369614567,{"position":{"x":-0.31659982,"y":2.5374539,"z":0.21484499,"quality":55},"superFrameNumber":110}
UWB,1669369615566,{"position":{"x":-0.32948163,"y":2.5208917,"z":0.21960892,"quality":57},"superFrameNumber":120}
UWB,1669369616567,{"position":{"x":-0.31345829,"y":2.5287766,"z":0.21046846,"quality":56},"superFrameNumber":130}
UWB,1669369617567,{"position":{"x":-0.30227551,"y":2.5029733,"z":0.24483989,"quality":55},"superFrameNumber":140}
UWB,1669369618567,{"position":{"x":-0.29714954,"y":2.5139263,"z":0.23198134,"quality":56},"superFrameNumber":150}
UWB,1669369619567,{"position":{"x":-0.31025434,"y":2.5089905,"z":0.21491653,"quality":57},"superFrameNumber":160}
UWB,1669369620567,{"position":{"x":-0.31323498,"y":2.5257647,"z":0.19441503,"quality":57},"superFrameNumber":170}
UWB,1669369621567,{"position":{"x":-0.25697574,"y":2.5470078,"z":0.16587497,"quality":54},"superFrameNumber":180}
UWB,1669369622567,{"position":{"x":-0.2490592,"y":2.550961,"z":0.15703335,"quality":55},"superFrameNumber":190}
UWB,1669369623567,{"position":{"x":-0.27289784,"y":2.55579,"z":0.15390056,"quality":57},"superFrameNumber":200}
UWB,1669369624567,{"position":{"x":-0.29942891,"y":2.5201669,"z":0.20071352,"quality":57},"superFrameNumber":210}
UWB,1669369625567,{"position":{"x":-0.30270338,"y":2.5287826,"z":0.20336628,"quality":56},"superFrameNumber":220}
UWB,1669369626566,{"position":{"x":-0.28581014,"y":2.5147202,"z":0.20982726,"quality":55},"superFrameNumber":230}
UWB,1669369627567,{"position":{"x":-0.27219713,"y":2.5225616,"z":0.18389115,"quality":56},"superFrameNumber":240}
UWB,1669369628567,{"position":{"x":-0.26133731,"y":2.5374258,"z":0.16998379,"quality":56},"superFrameNumber":250}
UWB,1669369629567,{"position":{"x":-0.2711798,"y":2.5340023,"z":0.17657572,"quality":56},"superFrameNumber":260}
UWB,1669369630567,{"position":{"x":-0.28835049,"y":2.5161455,"z":0.2014565,"quality":56},"superFrameNumber":270}
UWB,1669369631567,{"position":{"x":-0.2985594,"y":2.5238018,"z":0.2199731,"quality":56},"superFrameNumber":280}
UWB,1669369632567,{"position":{"x":-0.3187592,"y":2.5211747,"z":0.24640311,"quality":57},"superFrameNumber":290}
UWB,1669369633567,{"position":{"x":-0.29957631,"y":2.5414078,"z":0.20626241,"quality":56},"superFrameNumber":300}
UWB,1669369634567,{"position":{"x":-0.30964988,"y":2.5340788,"z":0.22001754,"quality":56},"superFrameNumber":310}
UWB,1669369635567,{"position":{"x":-0.29349741,"y":2.558183,"z":0.19079788,"quality":56},"superFrameNumber":320}
UWB,1669369636567,{"position":{"x":-0.27111378,"y":2.5767171,"z":0.15711755,"quality":56},"superFrameNumber":330}
UWB,1669369637566,{"position":{"x":-0.2894814,"y":2.54282,"z":0.19954035,"quality":56},"superFrameNumber":340}
UWB,1669369638567,{"position":{"x":-0.26536435,"y":2.5721271,"z":0.16586173,"quality":56},"superFrameNumber":350}
UWB,1669369639567,{"position":{"x":-0.26484939,"y":2.5591161,"z":0.15907799,"quality":56},"superFrameNumber":360}
UWB,1669369640567,{"position":{"x":-0.2625666,"y":2.5380416,"z":0.18699209,"quality":55},"superFrameNumber":370}
UWB,1669369641568,{"position":{"x":-0.26534986,"y":2.558785,"z":0.16220686,"quality":57},"superFrameNumber":380}
UWB,1669369642567,{"position":{"x":-0.26317611,"y":2.5418003,"z":0.17289414,"quality":55},"superFrameNumber":390}
UWB,1669369643566,{"position":{"x":-0.251501,"y":2.5507467,"z":0.14681904,"quality":56},"superFrameNumber":400}
UWB,1669369644567,{"position":{"x":-0.246405,"y":2.5668523,"z":0.13075344,"quality":56},"superFrameNumber":410}
UWB,1669369645567,{"position":{"x":-0.25217217,"y":2.5727963,"z":0.12436445,"quality":56},"superFrameNumber":420}
UWB,1669369646567,{"position":{"x":-0.3014999,"y":2.5488091,"z":0.1618536,"quality":58},"superFrameNumber":430}
UWB,1669369647567,{"position":{"x":-0.31560385,"y":2.5275867,"z":0.19921887,"quality":56},"superFrameNumber":440}
UWB,1669369648566,{"position":{"x":-0.2908712,"y":2.5384974,"z":0.18491901,"quality":55},"superFrameNumber":450}
UWB,1669369649567,{"position":{"x":-0.3049061,"y":2.5448284,"z":0.17516027,"quality":57},"superFrameNumber":460}
UWB,1669369650567,{"position":{"x":-0.27271217,"y":2.5682037,"z":0.1426291,"quality":55},"superFrameNumber":470}
UWB,1669369651567,{"position":{"x":-0.27866551,"y":2.5546634,"z":0.16152215,"quality":56},"superFrameNumber":480}
UWB,1669369652567,{"position":{"x":-0.27483404,"y":2.5385907,"z":0.16652846,"quality":55},"superFrameNumber":490}
UWB,1669369653567,{"position":{"x":-0.28025693,"y":2.5296934,"z":0.17722991,"quality":56},"superFrameNumber":500}
UWB,1669369654566,{"position":{"x":-0.30121079,"y":2.5298553,"z":0.16355459,"quality":57},"superFrameNumber":510}
UWB,1669369655567,{"position":{"x":-0.27580851,"y":2.5492117,"z":0.1451209,"quality":55},"superFrameNumber":520}
UWB,1669369656567,{"position":{"x":-0.297042,"y":2.5180743,"z":0.19108689,"quality":56},"superFrameNumber":530}
UWB,1669369657567,{"position":{"x":-0.33925578,"y":2.4962046,"z":0.20667158,"quality":58},"superFrameNumber":540}
UWB,1669369658567,{"position":{"x":-0.28115755,"y":2.5312424,"z":0.17454937,"quality":54},"superFrameNumber":550}
UWB,1669369659566,{"position":{"x":-0.29409859,"y":2.5105546,"z":0.20285605,"quality":56},"superFrameNumber":560}
UWB,1669369660567,{"position":{"x":-0.27375057,"y":2.5293946,"z":0.17834248,"quality":55},"superFrameNumber":570}
UWB,1669369661567,{"position":{"x":-0.28792664,"y":2.5412698,"z":0.16904451,"quality":57},"superFrameNumber":580}
UWB,1669369662567,{"position":{"x":-0.28804937,"y":2.5462499,"z":0.17224841,"quality":56},"superFrameNumber":590}
UWB,1669369663567,{"position":{"x":-0.29725873,"y":2.5519202,"z":0.17938955,"quality":57},"superFrameNumber":600}
UWB,1669369664567,{"position":{"x":-0.32367551,"y":2.5501206,"z":0.17604548,"quality":58},"superFrameNumber":610}
UWB,1669369665566,{"position":{"x":-0.34042433,"y":2.5408731,"z":0.21402767,"quality":57},"superFrameNumber":620}
UWB,1669369666567,{"position":{"x":-0.32627016,"y":2.5421522,"z":0.2133704,"quality":56},"superFrameNumber":630}
UWB,1669369667567,{"position":{"x":-0.31932592,"y":2.5321939,"z":0.21686514,"quality":56},"superFrameNumber":640}
UWB,1669369668567,{"position":{"x":-0.32547545,"y":2.5366642,"z":0.19774191,"quality":57},"superFrameNumber":650}
UWB,1669369669567,{"position":{"x":-0.29054108,"y":2.5513868,"z":0.16643302,"quality":55},"superFrameNumber":660}
UWB,1669369670566,{"position":{"x":-0.27886939,"y":2.5571859,"z":0.16812278,"quality":56},"superFrameNumber":670}
UWB,1669369671567,{"position":{"x":-0.316388,"y":2.5324318,"z":0.20504344,"quality":58},"superFrameNumber":680}
UWB,1669369672567,{"position":{"x":-0.29977587,"y":2.5397296,"z":0.19166125,"quality":56},"superFrameNumber":690}
UWB,1669369673567,{"position":{"x":-0.33427426,"y":2.5403745,"z":0.18358083,"quality":59},"superFrameNumber":700}
UWB,1669369674567,{"position":{"x":-0.32176498,"y":2.563201,"z":0.16834518,"quality":57},"superFrameNumber":710}
UWB,1669369675566,{"position":{"x":-0.32629141,"y":2.5485907,"z":0.19008599,"quality":56},"superFrameNumber":720}
UWB,1669369676567,{"position":{"x":-0.33910006,"y":2.5289285,"z":0.21039458,"quality":57},"superFrameNumber":730}
UWB,1669369677567,{"position":{"x":-0.34715596,"y":2.5267665,"z":0.19435187,"quality":57},"superFrameNumber":740}
UWB,1669369678567,{"position":{"x":-0.33796003,"y":2.5377657,"z":0.18043146,"quality":57},"superFrameNumber":750}
UWB,1669369679567,{"position":{"x":-0.31483814,"y":2.5417423,"z":0.1820499,"quality":55},"superFrameNumber":760}
UWB,1669369680567,{"position":{"x":-0.33569723,"y":2.5507514,"z":0.17836747,"quality":58},"superFrameNumber":770}
UWB,1669369681567,{"position":{"x":-0.32217473,"y":2.5569975,"z":0.15157083,"quality":57},"superFrameNumber":780}
UWB,1669369682567,{"position":{"x":-0.2666536,"y":2.5699806,"z":0.12134544,"quality":54},"superFrameNumber":790}
UWB,1669369683567,{"position":{"x":-0.28476879,"y":2.5500622,"z":0.14125185,"quality":57},"superFrameNumber":800}
UWB,1669369684567,{"position":{"x":-0.28515932,"y":2.5475404,"z":0.14249814,"quality":56},"superFrameNumber":810}
UWB,1669369685567,{"position":{"x":-0.32017431,"y":2.5472348,"z":0.15293419,"quality":58},"superFrameNumber":820}
UWB,1669369686566,{"position":{"x":-0.33008909,"y":2.55546,"z":0.14593583,"quality":58},"superFrameNumber":830}
UWB,1669369687567,{"position":{"x":-0.34069666,"y":2.5482402,"z":0.1855545,"quality":57},"superFrameNumber":840}
UWB,1669369688567,{"position":{"x":-0.30383381,"y":2.5593369,"z":0.16450909,"quality":55},"superFrameNumber":850}
UWB,1669369689567,{"position":{"x":-0.30788153,"y":2.5628378,"z":0.15141176,"quality":57},"superFrameNumber":860}
UWB,1669369690567,{"position":{"x":-0.28895059,"y":2.5571184,"z":0.15245922,"quality":55},"superFrameNumber":870}
UWB,1669369691567,{"position":{"x":-0.30089927,"y":2.531384,"z":0.16942529,"quality":56},"superFrameNumber":880}
UWB,1669369692567,{"position":{"x":-0.30829829,"y":2.5453084,"z":0.14468575,"quality":57},"superFrameNumber":890}
UWB,1669369693567,{"position":{"x":-0.31659019,"y":2.5598478,"z":0.13292852,"quality":57},"superFrameNumber":900}
UWB,1669369694567,{"position":{"x":-0.31021661,"y":2.5828693,"z":0.12562132,"quality":57},"superFrameNumber":910}
UWB,1669369695567,{"position":{"x":-0.30451596,"y":2.5604727,"z":0.16243705,"quality":55},"superFrameNumber":920}
UWB,1669369696567,{"position":{"x":-0.29818952,"y":2.5503786,"z":0.16320117,"quality":56},"superFrameNumber":930}
UWB,1669369697566,{"position":{"x":-0.33504441,"y":2.5346227,"z":0.19750337,"quality":58},"superFrameNumber":940}
UWB,1669369698567,{"position":{"x":-0.34220588,"y":2.5232961,"z":0.20391916,"quality":57},"superFrameNumber":950}
UWB,1669369699567,{"position":{"x":-0.33288479,"y":2.4919343,"z":0.25887826,"quality":55},"superFrameNumber":960}
UWB,1669369700567,{"position":{"x":-0.32188955,"y":2.4995,"z":0.24545722,"quality":56},"superFrameNumber":970}
UWB,1669369701567,{"position":{"x":-0.31144783,"y":2.5271361,"z":0.19806321,"quality":57},"superFrameNumber":980}
UWB,1669369702567,{"position":{"x":-0.31370756,"y":2.5098789,"z":0.21422946,"quality":56},"superFrameNumber":990}
UWB,1669369703566,{"position":{"x":-0.29031029,"y":2.5309215,"z":0.19636303,"quality":55},"superFrameNumber":1000}
UWB,1669369704567,{"position":{"x":-0.2916126,"y":2.5379615,"z":0.18349834,"quality":56},"superFrameNumber":1010}
UWB,1669369705567,{"position":{"x":-0.32158348,"y":2.5066857,"z":0.22021416,"quality":57},"superFrameNumber":1020}
UWB,1669369706567,{"position":{"x":-0.31983444,"y":2.5130615,"z":0.20140609,"quality":57},"superFrameNumber":1030}
UWB,1669369707567,{"position":{"x":-0.32343298,"y":2.5146694,"z":0.21761727,"quality":56},"superFrameNumber":1040}
UWB,1669369708566,{"position":{"x":-0.3054719,"y":2.5128336,"z":0.21450837,"quality":55},"superFrameNumber":1050}
UWB,1669369709567,{"position":{"x":-0.27809989,"y":2.5448396,"z":0.17180046,"quality":56},"superFrameNumber":1060}
UWB,1669369710567,{"position":{"x":-0.3120901,"y":2.5446618,"z":0.18765877,"quality":58},"superFrameNumber":1070}
UWB,1669369711567,{"position":{"x":-0.33770216,"y":2.5171196,"z":0.23691028,"quality":57},"superFrameNumber":1080}
UWB,1669369712567,{"position":{"x":-0.31933463,"y":2.5066772,"z":0.23068853,"quality":55},"superFrameNumber":1090}
UWB,1669369713567,{"position":{"x":-0.28566185,"y":2.5284228,"z":0.19978316,"quality":55},"superFrameNumber":1100}
UWB,1669369714566,{"position":{"x":-0.31589252,"y":2.5045369,"z":0.23313297,"quality":57},"superFrameNumber":1110}
UWB,1669369715567,{"position":{"x":-0.29249078,"y":2.5165937,"z":0.2068695,"quality":55},"superFrameNumber":1120}
UWB,1669369716567,{"position":{"x":-0.27967983,"y":2.5379562,"z":0.18262865,"quality":56},"superFrameNumber":1130}
UWB,1669369717567,{"position":{"x":-0.31070784,"y":2.5233428,"z":0.21734264,"quality":57},"superFrameNumber":1140}
UWB,1669369718567,{"position":{"x":-0.31361824,"y":2.5146766,"z":0.22579391,"quality":56},"superFrameNumber":1150}
UWB,1669369719567,{"position":{"x":-0.28722477,"y":2.5189502,"z":0.19820011,"quality":55},"superFrameNumber":1160}
UWB,1669369720568,{"position":{"x":-0.30116761,"y":2.5151389,"z":0.21088733,"quality":57},"superFrameNumber":1170}
UWB,1669369721567,{"position":{"x":-0.3131299,"y":2.5150256,"z":0.20615804,"quality":57},"superFrameNumber":1180}
UWB,1669369722567,{"position":{"x":-0.3066667,"y":2.5230682,"z":0.18660861,"quality":56},"superFrameNumber":1190}
UWB,1669369723567,{"position":{"x":-0.3207677,"y":2.5128572,"z":0.21105795,"quality":57},"superFrameNumber":1200}
UWB,1669369724567,{"position":{"x":-0.30728331,"y":2.5222304,"z":0.19459458,"quality":56},"superFrameNumber":1210}
UWB,1669369725566,{"position":{"x":-0.261001,"y":2.5412512,"z":0.16903527,"quality":54},"superFrameNumber":1220}
UWB,1669369726567,{"position":{"x":-0.24471584,"y":2.5515578,"z":0.15169233,"quality":55},"superFrameNumber":1230}
UWB,1669369727567,{"position":{"x":-0.23932102,"y":2.5527527,"z":0.14050183,"quality":55},"superFrameNumber":1240}
UWB,1669369728567,{"position":{"x":-0.22714761,"y":2.5634217,"z":0.12967913,"quality":55},"superFrameNumber":1250}
UWB,1669369729567,{"position":{"x":-0.22483401,"y":2.5881202,"z":0.11935512,"quality":56},"superFrameNumber":1260}
UWB,1669369730567,{"position":{"x":-0.22537757,"y":2.5765367,"z":0.12556459,"quality":55},"superFrameNumber":1270}
UWB,1669369731568,{"position":{"x":-0.26263511,"y":2.5598,"z":0.15764511,"quality":57},"superFrameNumber":1280}
UWB,1669369732567,{"position":{"x":-0.27097189,"y":2.570879,"z":0.14076139,"quality":57},"superFrameNumber":1290}
UWB,1669369733567,{"position":{"x":-0.24628347,"y":2.5874352,"z":0.12705295,"quality":55},"superFrameNumber":1300}
UWB,1669369734567,{"position":{"x":-0.23737004,"y":2.5811224,"z":0.13178338,"quality":55},"superFrameNumber":1310}
UWB,1669369735566,{"position":{"x":-0.26788419,"y":2.5774803,"z":0.14714025,"quality":57},"superFrameNumber":1320}
UWB,1669369736567,{"position":{"x":-0.26632732,"y":2.5674696,"z":0.14086466,"quality":56},"superFrameNumber":1330}
UWB,1669369737568,{"position":{"x":-0.26645869,"y":2.569356,"z":0.12722111,"quality":56},"superFrameNumber":1340}
UWB,1669369738567,{"position":{"x":-0.28703827,"y":2.5291624,"z":0.17687099,"quality":56},"superFrameNumber":1350}
UWB,1669369739567,{"position":{"x":-0.29023042,"y":2.5495341,"z":0.14907597,"quality":57},"superFrameNumber":1360}
UWB,1669369740567,{"position":{"x":-0.27904093,"y":2.5487356,"z":0.15705083,"quality":55},"superFrameNumber":1370}
UWB,1669369741567,{"position":{"x":-0.24599038,"y":2.5582814,"z":0.12995349,"quality":55},"superFrameNumber":1380}
UWB,1669369742568,{"position":{"x":-0.23926841,"y":2.563328,"z":0.11638635,"quality":56},"superFrameNumber":1390}
UWB,1669369743567,{"position":{"x":-0.260673,"y":2.5425811,"z":0.11986616,"quality":57},"superFrameNumber":1400}
UWB,1669369744567,{"position":{"x":-0.27187705,"y":2.5223095,"z":0.16012156,"quality":56},"superFrameNumber":1410}
UWB,1669369745567,{"position":{"x":-0.270731,"y":2.5306833,"z":0.1544746,"quality":56},"superFrameNumber":1420}
UWB,1669369746566,{"position":{"x":-0.25210819,"y":2.5440917,"z":0.13813525,"quality":55},"superFrameNumber":1430}
UWB,1669369747568,{"position":{"x":-0.26841086,"y":2.5343394,"z":0.16642328,"quality":56},"superFrameNumber":0}
UWB,1669369748567,{"position":{"x":-0.27913061,"y":2.5434315,"z":0.15344903,"quality":57},"superFrameNumber":10}
UWB,1669369749567,{"position":{"x":-0.27270597,"y":2.5500162,"z":0.15019359,"quality":56},"superFrameNumber":20}
UWB,1669369750567,{"position":{"x":-0.28158674,"y":2.5636845,"z":0.14951949,"quality":57},"superFrameNumber":30}
UWB,1669369751567,{"position":{"x":-0.29666251,"y":2.5704162,"z":0.13097365,"quality":58},"superFrameNumber":40}
UWB,1669369752566,{"position":{"x":-0.29493994,"y":2.5610018,"z":0.16239582,"quality":56},"superFrameNumber":50}
UWB,1669369753568,{"position":{"x":-0.32220834,"y":2.5507143,"z":0.18278009,"quality":58},"superFrameNumber":60}
UWB,1669369754567,{"position":{"x":-0.27923834,"y":2.5643103,"z":0.17109923,"quality":54},"superFrameNumber":70}
UWB,1669369755567,{"position":{"x":-0.29293627,"y":2.5480933,"z":0.17711364,"quality":57},"superFrameNumber":80}
UWB,1669369756567,{"position":{"x":-0.28999305,"y":2.5520465,"z":0.17093426,"quality":56},"superFrameNumber":90}
UWB,1669369757566,{"position":{"x":-0.25656667,"y":2.5620902,"z":0.15676825,"quality":54},"superFrameNumber":100}
UWB,1669369758568,{"position":{"x":-0.27184132,"y":2.5598936,"z":0.15665691,"quality":57},"superFrameNumber":110}
UWB,1669369759567,{"position":{"x":-0.27836004,"y":2.5450888,"z":0.17701386,"quality":56},"superFrameNumber":120}
UWB,1669369760567,{"position":{"x":-0.2540867,"y":2.5524225,"z":0.1600949,"quality":55},"superFrameNumber":130}
UWB,1669369761567,{"position":{"x":-0.25678721,"y":2.547401,"z":0.16480204,"quality":56},"superFrameNumber":140}
UWB,1669369762567,{"position":{"x":-0.27226698,"y":2.5523641,"z":0.17623934,"quality":57},"superFrameNumber":150}
UWB,1669369763566,{"position":{"x":-0.26657063,"y":2.5689971,"z":0.14216802,"quality":56},"superFrameNumber":160}
UWB,1669369764568,{"position":{"x":-0.25647447,"y":2.5769081,"z":0.11815186,"quality":56},"superFrameNumber":170}
UWB,1669369765567,{"position":{"x":-0.31683496,"y":2.5384419,"z":0.1936868,"quality":58},"superFrameNumber":180}
UWB,1669369766567,{"position":{"x":-0.31428778,"y":2.5296347,"z":0.20417038,"quality":56},"superFrameNumber":190}
UWB,1669369767567,{"position":{"x":-0.31654787,"y":2.5474212,"z":0.20214477,"quality":57},"superFrameNumber":200}
UWB,1669369768566,{"position":{"x":-0.33601302,"y":2.5195348,"z":0.24847288,"quality":57},"superFrameNumber":210}
UWB,1669369769568,{"position":{"x":-0.35947454,"y":2.4884439,"z":0.29228985,"quality":57},"superFrameNumber":220}
UWB,1669369770567,{"position":{"x":-0.33506233,"y":2.5024252,"z":0.26776364,"quality":56},"superFrameNumber":230}
UWB,1669369771567,{"position":{"x":-0.29856348,"y":2.5146532,"z":0.22835818,"quality":55},"superFrameNumber":240}
UWB,1669369772567,{"position":{"x":-0.34252948,"y":2.5077021,"z":0.2588115,"quality":58},"superFrameNumber":250}
UWB,1669369773567,{"position":{"x":-0.31979066,"y":2.5159388,"z":0.23541987,"quality":56},"superFrameNumber":260}
UWB,1669369774566,{"position":{"x":-0.32104367,"y":2.5401907,"z":0.19908786,"quality":57},"superFrameNumber":270}
UWB,1669369775568,{"position":{"x":-0.29893792,"y":2.545166,"z":0.18924274,"quality":55},"superFrameNumber":280}
UWB,1669369776567,{"position":{"x":-0.2832998,"y":2.55297,"z":0.15807413,"quality":56},"superFrameNumber":290}
UWB,1669369777567,{"position":{"x":-0.26105958,"y":2.5578175,"z":0.13090067,"quality":55},"superFrameNumber":300}
UWB,1669369778567,{"position":{"x":-0.29664338,"y":2.5414732,"z":0.15663996,"quality":58},"superFrameNumber":310}
UWB,1669369779567,{"position":{"x":-0.28929684,"y":2.5493958,"z":0.13569087,"quality":56},"superFrameNumber":320}
UWB,1669369780568,{"position":{"x":-0.26845717,"y":2.5712025,"z":0.1243047,"quality":56},"superFrameNumber":330}
UWB,1669369781567,{"position":{"x":-0.26599577,"y":2.5657802,"z":0.12751715,"quality":56},"superFrameNumber":340}
UWB,1669369782567,{"position":{"x":-0.2652691,"y":2.5515573,"z":0.16140649,"quality":55},"superFrameNumber":350}
UWB,1669369783567,{"position":{"x":-0.28091526,"y":2.5712571,"z":0.14571133,"quality":57},"superFrameNumber":360}
UWB,1669369784567,{"position":{"x":-0.29895073,"y":2.5535123,"z":0.17743486,"quality":57},"superFrameNumber":370}
UWB,1669369785567,{"position":{"x":-0.31741768,"y":2.5464234,"z":0.17825359,"quality":57},"superFrameNumber":380}
UWB,1669369786567,{"position":{"x":-0.3124693,"y":2.5420012,"z":0.16850521,"quality":56},"superFrameNumber":390}
UWB,1669369787567,{"position":{"x":-0.30672398,"y":2.5520179,"z":0.15028316,"quality":57},"superFrameNumber":400}
UWB,1669369788567,{"position":{"x":-0.27862772,"y":2.5672417,"z":0.13308948,"quality":55},"superFrameNumber":410}
UWB,1669369789567,{"position":{"x":-0.30052555,"y":2.5516884,"z":0.16041808,"quality":57},"superFrameNumber":420}
UWB,1669369790567,{"position":{"x":-0.30070543,"y":2.5633874,"z":0.14497016,"quality":57},"superFrameNumber":430}
UWB,1669369791568,{"position":{"x":-0.27494752,"y":2.5738721,"z":0.14589888,"quality":55},"superFrameNumber":440}
UWB,1669369792567,{"position":{"x":-0.27630115,"y":2.5784771,"z":0.13953969,"quality":56},"superFrameNumber":450}
UWB,1669369793567,{"position":{"x":-0.27102178,"y":2.568197,"z":0.15759405,"quality":55},"superFrameNumber":460}
UWB,1669369794567,{"position":{"x":-0.28032359,"y":2.5709074,"z":0.14987554,"quality":57},"superFrameNumber":470}
UWB,1669369795567,{"position":{"x":-0.29911771,"y":2.5764625,"z":0.13692279,"quality":58},"superFrameNumber":480}
UWB,1669369796568,{"position":{"x":-0.3027347,"y":2.549794,"z":0.17649034,"quality":56},"superFrameNumber":490}
UWB,1669369797567,{"position":{"x":-0.29850602,"y":2.5486476,"z":0.18972842,"quality":56},"superFrameNumber":500}
UWB,1669369798567,{"position":{"x":-0.33555382,"y":2.5254343,"z":0.21871805,"quality":58},"superFrameNumber":510}
UWB,1669369799567,{"position":{"x":-0.301829,"y":2.5299032,"z":0.20697556,"quality":55},"superFrameNumber":520}
UWB,1669369800567,{"position":{"x":-0.30488703,"y":2.5066266,"z":0.23305124,"quality":56},"superFrameNumber":530}
UWB,1669369801567,{"position":{"x":-0.33219883,"y":2.5026293,"z":0.23652035,"quality":58},"superFrameNumber":540}
UWB,1669369802568,{"position":{"x":-0.29680595,"y":2.5313234,"z":0.2061252,"quality":55},"superFrameNumber":550}
UWB,1669369803567,{"position":{"x":-0.29819515,"y":2.5150614,"z":0.22715946,"quality":56},"superFrameNumber":560}
UWB,1669369804567,{"position":{"x":-0.27532384,"y":2.525291,"z":0.21304667,"quality":55},"superFrameNumber":570}
UWB,1669369805567,{"position":{"x":-0.28784364,"y":2.5293043,"z":0.20137464,"quality":57},"superFrameNumber":580}
UWB,1669369806567,{"position":{"x":-0.29500052,"y":2.5555224,"z":0.17595533,"quality":57},"superFrameNumber":590}
UWB,1669369807568,{"position":{"x":-0.31899571,"y":2.5496588,"z":0.17336404,"quality":58},"superFrameNumber":600}
UWB,1669369808567,{"position":{"x":-0.32494578,"y":2.5478578,"z":0.18637605,"quality":57},"superFrameNumber":610}
UWB,1669369809567,{"position":{"x":-0.303427,"y":2.5502923,"z":0.19314124,"quality":55},"superFrameNumber":620}
UWB,1669369810567,{"position":{"x":-0.24883799,"y":2.5670683,"z":0.15530477,"quality":60},"superFrameNumber":630}
UWB,1669369811567,{"position":{"x":-0.22448397,"y":2.5752161,"z":0.14034092,"quality":55},"superFrameNumber":640}
UWB,1669369812567,{"position":{"x":-0.27490026,"y":2.5572033,"z":0.16711907,"quality":58},"superFrameNumber":650}
UWB,1669369813568,{"position":{"x":-0.26291651,"y":2.5622602,"z":0.14886247,"quality":56},"superFrameNumber":660}
UWB,1669369814567,{"position":{"x":-0.27864552,"y":2.5444827,"z":0.15690011,"quality":57},"superFrameNumber":670}
UWB,1669369815567,{"position":{"x":-0.24906784,"y":2.5511103,"z":0.13162795,"quality":55},"superFrameNumber":680}
UWB,1669369816567,{"position":{"x":-0.22784023,"y":2.5412445,"z":0.13561328,"quality":54},"superFrameNumber":690}
UWB,1669369817567,{"position":{"x":-0.2424695,"y":2.5426631,"z":0.15638675,"quality":56},"superFrameNumber":700}
UWB,1669369818568,{"position":{"x":-0.26458275,"y":2.5431383,"z":0.17657164,"quality":57},"superFrameNumber":710}
UWB,1669369819567,{"position":{"x":-0.23580571,"y":2.5616591,"z":0.15220098,"quality":55},"superFrameNumber":720}
UWB,1669369820567,{"position":{"x":-0.23012796,"y":2.5746019,"z":0.14287567,"quality":55},"superFrameNumber":730}
UWB,1669369821568,{"position":{"x":-0.23169234,"y":2.5869975,"z":0.13284904,"quality":56},"superFrameNumber":740}
UWB,1669369822568,{"position":{"x":-0.23437034,"y":2.5958333,"z":0.12214749,"quality":56},"superFrameNumber":750}
UWB,1669369823567,{"position":{"x":-0.25832045,"y":2.557631,"z":0.18504156,"quality":56},"superFrameNumber":760}
UWB,1669369824568,{"position":{"x":-0.29695067,"y":2.5419073,"z":0.20739599,"quality":58},"superFrameNumber":770}
UWB,1669369825567,{"position":{"x":-0.29429573,"y":2.5460246,"z":0.19578953,"quality":56},"superFrameNumber":780}
UWB,1669369826567,{"position":{"x":-0.28244585,"y":2.5520043,"z":0.18779691,"quality":56},"superFrameNumber":790}
UWB,1669369827568,{"position":{"x":-0.29975662,"y":2.5512877,"z":0.18067542,"quality":57},"superFrameNumber":800}
UWB,1669369828567,{"position":{"x":-0.27327457,"y":2.5613914,"z":0.17737557,"quality":55},"superFrameNumber":810}
UWB,1669369829568,{"position":{"x":-0.27101311,"y":2.5737729,"z":0.1601678,"quality":56},"superFrameNumber":820}
UWB,1669369830568,{"position":{"x":-0.2756083,"y":2.5696759,"z":0.15878183,"quality":56},"superFrameNumber":830}
UWB,1669369831568,{"position":{"x":-0.2629835,"y":2.5805974,"z":0.14216818,"quality":56},"superFrameNumber":840}
UWB,1669369832568,{"position":{"x":-0.2898986,"y":2.5626969,"z":0.17438136,"quality":57},"superFrameNumber":850}
UWB,1669369833568,{"position":{"x":-0.32614538,"y":2.53382,"z":0.21860121,"quality":58},"superFrameNumber":860}
UWB,1669369834567,{"position":{"x":-0.27876827,"y":2.5501196,"z":0.18916796,"quality":54},"superFrameNumber":870}
UWB,1669369835568,{"position":{"x":-0.27796146,"y":2.5661941,"z":0.17018174,"quality":56},"superFrameNumber":880}
UWB,1669369836568,{"position":{"x":-0.28231949,"y":2.5486498,"z":0.18458824,"quality":56},"superFrameNumber":890}
UWB,1669369837568,{"position":{"x":-0.27489895,"y":2.5437567,"z":0.18808272,"quality":55},"superFrameNumber":900}
UWB,1669369838568,{"position":{"x":-0.2693046,"y":2.5521133,"z":0.18371058,"quality":56},"superFrameNumber":910}
UWB,1669369839567,{"position":{"x":-0.27343956,"y":2.5550709,"z":0.18217231,"quality":56},"superFrameNumber":920}
UWB,1669369840568,{"position":{"x":-0.29686409,"y":2.5586205,"z":0.19047208,"quality":57},"superFrameNumber":930}
UWB,1669369841568,{"position":{"x":-0.29175755,"y":2.5590169,"z":0.17395477,"quality":56},"superFrameNumber":940}
UWB,1669369842568,{"position":{"x":-0.2837519,"y":2.5752637,"z":0.15095221,"quality":56},"superFrameNumber":950}
UWB,1669369843568,{"position":{"x":-0.23833512,"y":2.5684633,"z":0.14190941,"quality":53},"superFrameNumber":960}
UWB,1669369844568,{"position":{"x":-0.25006956,"y":2.5567346,"z":0.16200398,"quality":56},"superFrameNumber":970}
UWB,1669369845567,{"position":{"x":-0.241104,"y":2.5631161,"z":0.13498454,"quality":56},"superFrameNumber":980}
UWB,1669369846568,{"position":{"x":-0.27773622,"y":2.5550056,"z":0.1743498,"quality":57},"superFrameNumber":990}
UWB,1669369847568,{"position":{"x":-0.28229329,"y":2.5452659,"z":0.18873654,"quality":56},"superFrameNumber":1000}
UWB,1669369848568,{"position":{"x":-0.26555431,"y":2.5403111,"z":0.17693941,"quality":55},"superFrameNumber":1010}
UWB,1669369849568,{"position":{"x":-0.26541728,"y":2.5212767,"z":0.19409575,"quality":55},"superFrameNumber":1020}
UWB,1669369850567,{"position":{"x":-0.25786564,"y":2.5373557,"z":0.17254287,"quality":56},"superFrameNumber":1030}
UWB,1669369851568,{"position":{"x":-0.29924938,"y":2.5021222,"z":0.21680233,"quality":57},"superFrameNumber":1040}
UWB,1669369852568,{"position":{"x":-0.29947886,"y":2.5080192,"z":0.21510439,"quality":56},"superFrameNumber":1050}
UWB,1669369853568,{"position":{"x":-0.31041211,"y":2.5339074,"z":0.19508635,"quality":57},"superFrameNumber":1060}
UWB,1669369854568,{"position":{"x":-0.30235037,"y":2.5478289,"z":0.17124869,"quality":56},"superFrameNumber":1070}
UWB,1669369855567,{"position":{"x":-0.26964745,"y":2.5627923,"z":0.1500205,"quality":55},"superFrameNumber":1080}
UWB,1669369856568,{"position":{"x":-0.25671256,"y":2.5628805,"z":0.15705644,"quality":55},"superFrameNumber":1090}
UWB,1669369857568,{"position":{"x":-0.26617327,"y":2.5647106,"z":0.16230518,"quality":56},"superFrameNumber":1100}
UWB,1669369858568,{"position":{"x":-0.27787229,"y":2.5655291,"z":0.15747221,"quality":57},"superFrameNumber":1110}
UWB,1669369859568,{"position":{"x":-0.28070328,"y":2.5505178,"z":0.17973261,"quality":56},"superFrameNumber":1120}
UWB,1669369860568,{"position":{"x":-0.29205552,"y":2.5338354,"z":0.20592627,"quality":56},"superFrameNumber":1130}
UWB,1669369861568,{"position":{"x":-0.28913212,"y":2.5420094,"z":0.17941284,"quality":56},"superFrameNumber":1140}
UWB,1669369862568,{"position":{"x":-0.28820434,"y":2.5557568,"z":0.14917791,"quality":57},"superFrameNumber":1150}
UWB,1669369863568,{"position":{"x":-0.29184818,"y":2.5595729,"z":0.15845188,"quality":56},"superFrameNumber":1160}
UWB,1669369864568,{"position":{"x":-0.28177971,"y":2.5603459,"z":0.16459024,"quality":56},"superFrameNumber":1170}
UWB,1669369865568,{"position":{"x":-0.28395468,"y":2.5576007,"z":0.17116956,"quality":56},"superFrameNumber":1180}
UWB,1669369866567,{"position":{"x":-0.32568595,"y":2.5142198,"z":0.22868216,"quality":57},"superFrameNumber":1190}
UWB,1669369867568,{"position":{"x":-0.30570891,"y":2.5433297,"z":0.19127752,"quality":56},"superFrameNumber":1200}
UWB,1669369868568,{"position":{"x":-0.30657393,"y":2.5372105,"z":0.20717984,"quality":56},"superFrameNumber":1210}
UWB,1669369869568,{"position":{"x":-0.33881915,"y":2.4959829,"z":0.24628678,"quality":57},"superFrameNumber":1220}
UWB,1669369870568,{"position":{"x":-0.3216998,"y":2.5116115,"z":0.218248,"quality":56},"superFrameNumber":1230}
UWB,1669369871568,{"position":{"x":-0.2801083,"y":2.5419555,"z":0.17984809,"quality":55},"superFrameNumber":1240}
UWB,1669369872568,{"position":{"x":-0.31403616,"y":2.5193377,"z":0.20715651,"quality":57},"superFrameNumber":1250}
UWB,1669369873568,{"position":{"x":-0.3325716,"y":2.5028651,"z":0.22349006,"quality":57},"superFrameNumber":1260}
UWB,1669369874568,{"position":{"x":-0.30398494,"y":2.5303609,"z":0.17675477,"quality":56},"superFrameNumber":1270}
UWB,1669369875568,{"position":{"x":-0.2966654,"y":2.5486126,"z":0.16468559,"quality":56},"superFrameNumber":1280}
UWB,1669369876568,{"position":{"x":-0.30664244,"y":2.5374854,"z":0.17486864,"quality":57},"superFrameNumber":1290}
UWB,1669369877567,{"position":{"x":-0.31164691,"y":2.5295124,"z":0.18993981,"quality":56},"superFrameNumber":1300}
UWB,1669369878568,{"position":{"x":-0.30013257,"y":2.5349069,"z":0.1682882,"quality":56},"superFrameNumber":1310}
UWB,1669369879568,{"position":{"x":-0.30359623,"y":2.5282085,"z":0.17732291,"quality":56},"superFrameNumber":1320}
UWB,1669369880568,{"position":{"x":-0.30658802,"y":2.5319309,"z":0.16539951,"quality":57},"superFrameNumber":1330}
UWB,1669369881568,{"position":{"x":-0.29807976,"y":2.539139,"z":0.17944011,"quality":56},"superFrameNumber":1340}
UWB,1669369882568,{"position":{"x":-0.30233043,"y":2.539582,"z":0.18626161,"quality":56},"superFrameNumber":1350}
UWB,1669369883567,{"position":{"x":-0.28695089,"y":2.5384822,"z":0.17646992,"quality":55},"superFrameNumber":1360}
UWB,1669369884568,{"position":{"x":-0.30111212,"y":2.5356989,"z":0.19637932,"quality":57},"superFrameNumber":1370}
UWB,1669369885568,{"position":{"x":-0.32344121,"y":2.4996381,"z":0.23947604,"quality":57},"superFrameNumber":1380}
UWB,1669369886568,{"position":{"x":-0.34232461,"y":2.5064452,"z":0.252534,"quality":57},"superFrameNumber":1390}
UWB,1669369887568,{"position":{"x":-0.30789033,"y":2.5042489,"z":0.21597524,"quality":55},"superFrameNumber":1400}
UWB,1669369888567,{"position":{"x":-0.31393746,"y":2.5198991,"z":0.2029293,"quality":57},"superFrameNumber":1410}
UWB,1669369889568,{"position":{"x":-0.28862971,"y":2.5271747,"z":0.17110217,"quality":55},"superFrameNumber":1420}
UWB,1669369890568,{"position":{"x":-0.28514898,"y":2.5425568,"z":0.15748541,"quality":56},"superFrameNumber":1430}
UWB,1669369891568,{"position":{"x":-0.31044707,"y":2.5138068,"z":0.21128561,"quality":57},"superFrameNumber":0}
UWB,1669369892568,{"position":{"x":-0.28159139,"y":2.5395322,"z":0.17358173,"quality":55},"superFrameNumber":10}
UWB,1669369893568,{"position":{"x":-0.27824166,"y":2.5417254,"z":0.15708113,"quality":56},"superFrameNumber":20}
UWB,1669369894567,{"position":{"x":-0.28504789,"y":2.529443,"z":0.18060777,"quality":56},"superFrameNumber":30}
UWB,1669369895568,{"position":{"x":-0.29551077,"y":2.5392623,"z":0.17349723,"quality":57},"superFrameNumber":40}
UWB,1669369896568,{"position":{"x":-0.30696845,"y":2.5379338,"z":0.17705114,"quality":57},"superFrameNumber":50}
UWB,1669369897568,{"position":{"x":-0.29293585,"y":2.5419865,"z":0.163159,"quality":56},"superFrameNumber":60}
UWB,1669369898568,{"position":{"x":-0.27980983,"y":2.5579045,"z":0.15662664,"quality":56},"superFrameNumber":70}
UWB,1669369899567,{"position":{"x":-0.27885336,"y":2.5543444,"z":0.14828758,"quality":56},"superFrameNumber":80}
UWB,1669369900568,{"position":{"x":-0.25866252,"y":2.5513532,"z":0.15236136,"quality":55},"superFrameNumber":90}
UWB,1669369901568,{"position":{"x":-0.27221069,"y":2.5397108,"z":0.17073332,"quality":56},"superFrameNumber":100}
UWB,1669369902568,{"position":{"x":-0.31803724,"y":2.5453506,"z":0.16982876,"quality":59},"superFrameNumber":110}
UWB,1669369903568,{"position":{"x":-0.32706061,"y":2.5649385,"z":0.14732106,"quality":58},"superFrameNumber":120}
UWB,1669369904568,{"position":{"x":-0.30789375,"y":2.5654733,"z":0.14645186,"quality":56},"superFrameNumber":130}
UWB,1669369905567,{"position":{"x":-0.27288195,"y":2.5816643,"z":0.11770639,"quality":55},"superFrameNumber":140}
UWB,1669369906568,{"position":{"x":-0.25913844,"y":2.5779493,"z":0.13356382,"quality":55},"superFrameNumber":150}
UWB,1669369907568,{"position":{"x":-0.26129076,"y":2.5783727,"z":0.13632977,"quality":56},"superFrameNumber":160}
UWB,1669369908568,{"position":{"x":-0.28060195,"y":2.5522428,"z":0.15223186,"quality":57},"superFrameNumber":170}
UWB,1669369909568,{"position":{"x":-0.25385702,"y":2.5637789,"z":0.16129293,"quality":54},"superFrameNumber":180}
UWB,1669369910567,{"position":{"x":-0.27283624,"y":2.5489695,"z":0.17816976,"quality":56},"superFrameNumber":190}
UWB,1669369911568,{"position":{"x":-0.29983,"y":2.5104775,"z":0.23060147,"quality":56},"superFrameNumber":200}
UWB,1669369912568,{"position":{"x":-0.29454741,"y":2.5252867,"z":0.2273818,"quality":56},"superFrameNumber":210}
UWB,1669369913568,{"position":{"x":-0.31269497,"y":2.52158,"z":0.21250781,"quality":57},"superFrameNumber":220}
UWB,1669369914568,{"position":{"x":-0.27131012,"y":2.5512478,"z":0.17918593,"quality":55},"superFrameNumber":230}
UWB,1669369915567,{"position":{"x":-0.2568514,"y":2.5645134,"z":0.15825461,"quality":56},"superFrameNumber":240}
UWB,1669369916568,{"position":{"x":-0.29287192,"y":2.5325458,"z":0.20243819,"quality":57},"superFrameNumber":250}
UWB,1669369917568,{"position":{"x":-0.28117019,"y":2.5416305,"z":0.17890543,"quality":56},"superFrameNumber":260}
UWB,1669369918568,{"position":{"x":-0.30806345,"y":2.5393529,"z":0.18774632,"quality":58},"superFrameNumber":270}
UWB,1669369919568,{"position":{"x":-0.31443495,"y":2.560252,"z":0.16422339,"quality":57},"superFrameNumber":280}
UWB,1669369920568,{"position":{"x":-0.2569671,"y":2.5705869,"z":0.13840371,"quality":54},"superFrameNumber":290}
UWB,1669369921569,{"position":{"x":-0.29309431,"y":2.5604148,"z":0.16516715,"quality":58},"superFrameNumber":300}
UWB,1669369922568,{"position":{"x":-0.32024372,"y":2.5155227,"z":0.22525895,"quality":57},"superFrameNumber":310}
UWB,1669369923568,{"position":{"x":-0.35389441,"y":2.4801075,"z":0.27356568,"quality":57},"superFrameNumber":320}
UWB,1669369924568,{"position":{"x":-0.35697559,"y":2.4835775,"z":0.26354906,"quality":57},"superFrameNumber":330}
UWB,1669369925568,{"position":{"x":-0.35002822,"y":2.4838016,"z":0.25384954,"quality":56},"superFrameNumber":340}
UWB,1669369926567,{"position":{"x":-0.36918285,"y":2.503366,"z":0.24741086,"quality":58},"superFrameNumber":350}
UWB,1669369927569,{"position":{"x":-0.36245954,"y":2.5212431,"z":0.21794657,"quality":57},"superFrameNumber":360}
UWB,1669369928568,{"position":{"x":-0.33921307,"y":2.5349076,"z":0.18682216,"quality":56},"superFrameNumber":370}
UWB,1669369929568,{"position":{"x":-0.34974194,"y":2.5316341,"z":0.21414413,"quality":57},"superFrameNumber":380}
UWB,1669369930568,{"position":{"x":-0.3381207,"y":2.5252914,"z":0.2078328,"quality":56},"superFrameNumber":390}
UWB,1669369931568,{"position":{"x":-0.39759713,"y":2.4876938,"z":0.26258844,"quality":59},"superFrameNumber":400}
UWB,1669369932568,{"position":{"x":-0.37330681,"y":2.4948497,"z":0.26127642,"quality":56},"superFrameNumber":410}
UWB,1669369933569,{"position":{"x":-0.33643922,"y":2.5254245,"z":0.21377069,"quality":56},"superFrameNumber":420}
UWB,1669369934568,{"position":{"x":-0.2901884,"y":2.5493972,"z":0.16654252,"quality":55},"superFrameNumber":430}
UWB,1669369935568,{"position":{"x":-0.29403806,"y":2.5144649,"z":0.21950832,"quality":55},"superFrameNumber":440}
UWB,1669369936568,{"position":{"x":-0.26339531,"y":2.5320289,"z":0.20430584,"quality":54},"superFrameNumber":450}
UWB,1669369937567,{"position":{"x":-0.26708776,"y":2.5482578,"z":0.17963666,"quality":56},"superFrameNumber":460}
UWB,1669369938568,{"position":{"x":-0.3100121,"y":2.514133,"z":0.23225763,"quality":57},"superFrameNumber":470}
UWB,1669369939569,{"position":{"x":-0.3129091,"y":2.5105915,"z":0.228572,"quality":56},"superFrameNumber":480}
UWB,1669369940568,{"position":{"x":-0.28518385,"y":2.5210011,"z":0.20712978,"quality":55},"superFrameNumber":490}
UWB,1669369941568,{"position":{"x":-0.28787902,"y":2.5197625,"z":0.21332154,"quality":56},"superFrameNumber":500}
UWB,1669369942568,{"position":{"x":-0.25517628,"y":2.5516253,"z":0.17642945,"quality":55},"superFrameNumber":510}
UWB,1669369943568,{"position":{"x":-0.25395793,"y":2.5626028,"z":0.15430029,"quality":56},"superFrameNumber":520}
UWB,1669369944569,{"position":{"x":-0.25528529,"y":2.5532153,"z":0.15876956,"quality":56},"superFrameNumber":530}
UWB,1669369945568,{"position":{"x":-0.26175481,"y":2.5586388,"z":0.15939859,"quality":56},"superFrameNumber":540}
UWB,1669369946568,{"position":{"x":-0.27265435,"y":2.5500195,"z":0.15832548,"quality":56},"superFrameNumber":550}
UWB,1669369947568,{"position":{"x":-0.2392917,"y":2.5700927,"z":0.1355733,"quality":55},"superFrameNumber":560}
UWB,1669369948567,{"position":{"x":-0.29745576,"y":2.5291114,"z":0.20316519,"quality":58},"superFrameNumber":570}
UWB,1669369949570,{"position":{"x":-0.29425189,"y":2.5515721,"z":0.17741162,"quality":57},"superFrameNumber":580}
UWB,1669369950568,{"position":{"x":-0.29214391,"y":2.542649,"z":0.18447131,"quality":56},"superFrameNumber":590}
UWB,1669369951568,{"position":{"x":-0.26405093,"y":2.5517442,"z":0.15601617,"quality":55},"superFrameNumber":600}
UWB,1669369952568,{"position":{"x":-0.27215046,"y":2.5544746,"z":0.14793527,"quality":57},"superFrameNumber":610}
UWB,1669369953569,{"position":{"x":-0.27186671,"y":2.5557752,"z":0.15841699,"quality":56},"superFrameNumber":620}
UWB,1669369954567,{"position":{"x":-0.28322974,"y":2.5403464,"z":0.17940579,"quality":56},"superFrameNumber":630}
UWB,1669369955568,{"position":{"x":-0.22983064,"y":2.5583963,"z":0.15464267,"quality":53},"superFrameNumber":640}
UWB,1669369956568,{"position":{"x":-0.23894392,"y":2.530623,"z":0.18162885,"quality":55},"superFrameNumber":650}
UWB,1669369957568,{"position":{"x":-0.27850142,"y":2.537101,"z":0.16307822,"quality":58},"superFrameNumber":660}
UWB,1669369958569,{"position":{"x":-0.2685326,"y":2.5531209,"z":0.1479947,"quality":56},"superFrameNumber":670}
UWB,1669369959568,{"position":{"x":-0.27050894,"y":2.5576527,"z":0.1443039,"quality":56},"superFrameNumber":680}
UWB,1669369960569,{"position":{"x":-0.30875683,"y":2.5571756,"z":0.16531973,"quality":58},"superFrameNumber":690}
UWB,1669369961568,{"position":{"x":-0.29165277,"y":2.5540035,"z":0.16562581,"quality":55},"superFrameNumber":700}
UWB,1669369962569,{"position":{"x":-0.27970317,"y":2.5582337,"z":0.16677402,"quality":56},"superFrameNumber":710}
UWB,1669369963568,{"position":{"x":-0.29051548,"y":2.571734,"z":0.13979578,"quality":57},"superFrameNumber":720}
UWB,1669369964568,{"position":{"x":-0.29309261,"y":2.5788734,"z":0.13288534,"quality":57},"superFrameNumber":730}
UWB,1669369965567,{"position":{"x":-0.29193151,"y":2.5969353,"z":0.12378214,"quality":57},"superFrameNumber":740}
UWB,1669369966569,{"position":{"x":-0.29535359,"y":2.5903988,"z":0.12123585,"quality":57},"superFrameNumber":750}
UWB,1669369967568,{"position":{"x":-0.28605884,"y":2.5803411,"z":0.10877353,"quality":56},"superFrameNumber":760}
UWB,1669369968568,{"position":{"x":-0.27931046,"y":2.5712321,"z":0.11175676,"quality":56},"superFrameNumber":770}
UWB,1669369969568,{"position":{"x":-0.30019858,"y":2.5412428,"z":0.16238971,"quality":56},"superFrameNumber":780}
UWB,1669369970568,{"position":{"x":-0.29354396,"y":2.5341291,"z":0.16148172,"quality":56},"superFrameNumber":790}
UWB,1669369971569,{"position":{"x":-0.28046972,"y":2.5455945,"z":0.14417385,"quality":56},"superFrameNumber":800}
UWB,1669369972568,{"position":{"x":-0.30096361,"y":2.5489228,"z":0.13677068,"quality":58},"superFrameNumber":810}
UWB,1669369973568,{"position":{"x":-0.28129411,"y":2.5526435,"z":0.13680102,"quality":55},"superFrameNumber":820}
UWB,1669369974568,{"position":{"x":-0.30031303,"y":2.5526667,"z":0.14342469,"quality":57},"superFrameNumber":830}
UWB,1669369975567,{"position":{"x":-0.30048952,"y":2.534796,"z":0.16180855,"quality":56},"superFrameNumber":840}
UWB,1669369976569,{"position":{"x":-0.29388687,"y":2.5632298,"z":0.14587633,"quality":57},"superFrameNumber":850}
UWB,1669369977569,{"position":{"x":-0.30227867,"y":2.5630546,"z":0.15995078,"quality":57},"superFrameNumber":860}
UWB,1669369978569,{"position":{"x":-0.28495649,"y":2.5680096,"z":0.14177731,"quality":56},"superFrameNumber":870}
UWB,1669369979568,{"position":{"x":-0.30857989,"y":2.5575457,"z":0.17653419,"quality":57},"superFrameNumber":880}
UWB,1669369980568,{"position":{"x":-0.30712986,"y":2.5535762,"z":0.17303751,"quality":56},"superFrameNumber":890}
UWB,1669369981569,{"position":{"x":-0.27067763,"y":2.574064,"z":0.14755692,"quality":55},"superFrameNumber":900}
UWB,1669369982568,{"position":{"x":-0.27677602,"y":2.5679197,"z":0.16472279,"quality":56},"superFrameNumber":910}
UWB,1669369983568,{"position":{"x":-0.23721765,"y":2.5817435,"z":0.13835961,"quality":54},"superFrameNumber":920}
UWB,1669369984568,{"position":{"x":-0.22807688,"y":2.5739696,"z":0.1481843,"quality":55},"superFrameNumber":930}
UWB,1669369985568,{"position":{"x":-0.26427361,"y":2.5720255,"z":0.1478146,"quality":58},"superFrameNumber":940}
UWB,1669369986567,{"position":{"x":-0.27814096,"y":2.5625329,"z":0.15073562,"quality":57},"superFrameNumber":950}
UWB,1669369987569,{"position":{"x":-0.26774302,"y":2.5644026,"z":0.147546,"quality":56},"superFrameNumber":960}
UWB,1669369988569,{"position":{"x":-0.25778249,"y":2.5568569,"z":0.13922338,"quality":55},"superFrameNumber":970}
UWB,1669369989568,{"position":{"x":-0.25071639,"y":2.5827346,"z":0.12351417,"quality":56},"superFrameNumber":980}
UWB,1669369990568,{"position":{"x":-0.24259351,"y":2.6040053,"z":0.11283983,"quality":56},"superFrameNumber":990}
UWB,1669369991569,{"position":{"x":-0.25116584,"y":2.5971875,"z":0.1160249,"quality":56},"superFrameNumber":1000}
UWB,1669369992569,{"position":{"x":-0.27145,"y":2.5742691,"z":0.14605746,"quality":56},"superFrameNumber":1010}
UWB,1669369993568,{"position":{"x":-0.292313,"y":2.5569992,"z":0.16961199,"quality":57},"superFrameNumber":1020}
UWB,1669369994568,{"position":{"x":-0.2731826,"y":2.5633223,"z":0.17100114,"quality":55},"superFrameNumber":1030}
UWB,1669369995568,{"position":{"x":-0.26713789,"y":2.56293,"z":0.1721925,"quality":56},"superFrameNumber":1040}
UWB,1669369996568,{"position":{"x":-0.27089998,"y":2.5546751,"z":0.18780543,"quality":56},"superFrameNumber":1050}
UWB,1669369997567,{"position":{"x":-0.28079766,"y":2.5493605,"z":0.18473172,"quality":56},"superFrameNumber":1060}
UWB,1669369998569,{"position":{"x":-0.2775352,"y":2.5523386,"z":0.1710168,"quality":56},"superFrameNumber":1070}
UWB,1669369999568,{"position":{"x":-0.2796064,"y":2.544143,"z":0.18041466,"quality":56},"superFrameNumber":1080}
UWB,1669370000568,{"position":{"x":-0.25997519,"y":2.5449476,"z":0.15647881,"quality":55},"superFrameNumber":1090}
UWB,1669370001568,{"position":{"x":-0.2625815,"y":2.5288584,"z":0.16864355,"quality":55},"superFrameNumber":1100}
UWB,1669370002569,{"position":{"x":-0.27070391,"y":2.5312693,"z":0.17830233,"quality":56},"superFrameNumber":1110}
UWB,1669370003568,{"position":{"x":-0.2567538,"y":2.5605829,"z":0.15444165,"quality":56},"superFrameNumber":1120}
UWB,1669370004569,{"position":{"x":-0.26234022,"y":2.549509,"z":0.17311586,"quality":56},"superFrameNumber":1130}
UWB,1669370005569,{"position":{"x":-0.2845194,"y":2.5546665,"z":0.16017085,"quality":57},"superFrameNumber":1140}
UWB,1669370006569,{"position":{"x":-0.3450042,"y":2.5243206,"z":0.21832429,"quality":59},"superFrameNumber":1150}
UWB,1669370007569,{"position":{"x":-0.34692255,"y":2.5183783,"z":0.20456645,"quality":57},"superFrameNumber":1160}
UWB,1669370008568,{"position":{"x":-0.36561212,"y":2.4838152,"z":0.26504397,"quality":57},"superFrameNumber":1170}
UWB,1669370009569,{"position":{"x":-0.3627829,"y":2.4896648,"z":0.26228732,"quality":57},"superFrameNumber":1180}
UWB,1669370010569,{"position":{"x":-0.3194547,"y":2.5082972,"z":0.2238019,"quality":55},"superFrameNumber":1190}
UWB,1669370011569,{"position":{"x":-0.30529627,"y":2.5218489,"z":0.21402775,"quality":56},"superFrameNumber":1200}
UWB,1669370012569,{"position":{"x":-0.29914442,"y":2.5273223,"z":0.19759169,"quality":56},"superFrameNumber":1210}
UWB,1669370013569,{"position":{"x":-0.29662424,"y":2.5414686,"z":0.17547402,"quality":57},"superFrameNumber":1220}
UWB,1669370014568,{"position":{"x":-0.29817849,"y":2.5640447,"z":0.15087964,"quality":57},"superFrameNumber":1230}
UWB,1669370015569,{"position":{"x":-0.29774612,"y":2.565541,"z":0.14555427,"quality":57},"superFrameNumber":1240}
UWB,1669370016569,{"position":{"x":-0.2882503,"y":2.5558486,"z":0.1495498,"quality":56},"superFrameNumber":1250}
UWB,1669370017569,{"position":{"x":-0.28509474,"y":2.54582,"z":0.15705121,"quality":56},"superFrameNumber":1260}
UWB,1669370018569,{"position":{"x":-0.26829436,"y":2.550987,"z":0.12085192,"quality":56},"superFrameNumber":1270}
UWB,1669370019568,{"position":{"x":-0.27479348,"y":2.5614913,"z":0.12300719,"quality":57},"superFrameNumber":1280}
UWB,1669370020569,{"position":{"x":-0.27422214,"y":2.5767825,"z":0.12363666,"quality":56},"superFrameNumber":1290}
UWB,1669370021569,{"position":{"x":-0.29062307,"y":2.5713091,"z":0.13619202,"quality":57},"superFrameNumber":1300}
UWB,1669370022569,{"position":{"x":-0.28025177,"y":2.581804,"z":0.11402231,"quality":56},"superFrameNumber":1310}
UWB,1669370023569,{"position":{"x":-0.2995452,"y":2.557847,"z":0.157096,"quality":57},"superFrameNumber":1320}
UWB,1669370024569,{"position":{"x":-0.28184837,"y":2.5574496,"z":0.1447482,"quality":56},"superFrameNumber":1330}
UWB,1669370025568,{"position":{"x":-0.28938758,"y":2.5637655,"z":0.15334424,"quality":57},"superFrameNumber":1340}
UWB,1669370026569,{"position":{"x":-0.27059254,"y":2.5766771,"z":0.13507503,"quality":56},"superFrameNumber":1350}
UWB,1669370027568,{"position":{"x":-0.304979,"y":2.5363171,"z":0.20703089,"quality":57},"superFrameNumber":1360}
UWB,1669370028569,{"position":{"x":-0.28054935,"y":2.5550482,"z":0.1606992,"quality":56},"superFrameNumber":1370}
UWB,1669370029569,{"position":{"x":-0.24646197,"y":2.5701678,"z":0.13677613,"quality":55},"superFrameNumber":1380}
UWB,1669370030568,{"position":{"x":-0.24052536,"y":2.5809143,"z":0.1438023,"quality":55},"superFrameNumber":1390}
UWB,1669370031569,{"position":{"x":-0.26560339,"y":2.5752945,"z":0.14599064,"quality":57},"superFrameNumber":1400}
UWB,1669370032569,{"position":{"x":-0.27233225,"y":2.5649445,"z":0.15874654,"quality":56},"superFrameNumber":1410}
UWB,1669370033569,{"position":{"x":-0.26661956,"y":2.5775108,"z":0.1283174,"quality":56},"superFrameNumber":1420}
UWB,1669370034569,{"position":{"x":-0.28556517,"y":2.5684085,"z":0.13857126,"quality":57},"superFrameNumber":1430}
UWB,1669370035568,{"position":{"x":-0.26885393,"y":2.5778139,"z":0.13136172,"quality":56},"superFrameNumber":0}
UWB,1669370036569,{"position":{"x":-0.23587279,"y":2.5830896,"z":0.1263216,"quality":54},"superFrameNumber":10}
UWB,1669370037569,{"position":{"x":-0.25696644,"y":2.5758717,"z":0.13564189,"quality":57},"superFrameNumber":20}
UWB,1669370038569,{"position":{"x":-0.30964658,"y":2.52895,"z":0.21472207,"quality":58},"superFrameNumber":30}
UWB,1669370039569,{"position":{"x":-0.26987261,"y":2.5376923,"z":0.20131396,"quality":54},"superFrameNumber":40}
UWB,1669370040569,{"position":{"x":-0.25132272,"y":2.5639131,"z":0.16526508,"quality":56},"superFrameNumber":50}
UWB,1669370041569,{"position":{"x":-0.24676064,"y":2.5615628,"z":0.15974475,"quality":55},"superFrameNumber":60}
UWB,1669370042569,{"position":{"x":-0.27785218,"y":2.5557692,"z":0.17672995,"quality":57},"superFrameNumber":70}
UWB,1669370043569,{"position":{"x":-0.28849724,"y":2.5437512,"z":0.19451927,"quality":56},"superFrameNumber":80}
UWB,1669370044569,{"position":{"x":-0.27809697,"y":2.54663,"z":0.18388672,"quality":56},"superFrameNumber":90}
UWB,1669370045569,{"position":{"x":-0.30403933,"y":2.5547106,"z":0.15633632,"quality":58},"superFrameNumber":100}
UWB,1669370046568,{"position":{"x":-0.30192932,"y":2.5455697,"z":0.16196574,"quality":56},"superFrameNumber":110}
UWB,1669370047569,{"position":{"x":-0.29997849,"y":2.5710251,"z":0.14507006,"quality":57},"superFrameNumber":120}
UWB,1669370048569,{"position":{"x":-0.27084532,"y":2.5792525,"z":0.12399906,"quality":55},"superFrameNumber":130}
UWB,1669370049569,{"position":{"x":-0.29296693,"y":2.5608125,"z":0.15946522,"quality":57},"superFrameNumber":140}
UWB,1669370050569,{"position":{"x":-0.29244977,"y":2.5482209,"z":0.17317736,"quality":56},"superFrameNumber":150}
UWB,1669370051569,{"position":{"x":-0.30932531,"y":2.5384951,"z":0.16372924,"quality":57},"superFrameNumber":160}
UWB,1669370052569,{"position":{"x":-0.28347853,"y":2.5510864,"z":0.13578266,"quality":56},"superFrameNumber":170}
UWB,1669370053569,{"position":{"x":-0.29008397,"y":2.5500329,"z":0.13474163,"quality":57},"superFrameNumber":180}
UWB,1669370054569,{"position":{"x":-0.30770591,"y":2.5254545,"z":0.16437718,"quality":57},"superFrameNumber":190}
UWB,1669370055569,{"position":{"x":-0.30336297,"y":2.5334077,"z":0.15589413,"quality":56},"superFrameNumber":200}
UWB,1669370056569,{"position":{"x":-0.30358234,"y":2.5367939,"z":0.14959255,"quality":57},"superFrameNumber":210}
UWB,1669370057568,{"position":{"x":-0.28001171,"y":2.5451813,"z":0.13969412,"quality":55},"superFrameNumber":220}
UWB,1669370058569,{"position":{"x":-0.22006525,"y":2.5651624,"z":0.12497568,"quality":53},"superFrameNumber":230}
UWB,1669370059569,{"position":{"x":-0.25584736,"y":2.5376482,"z":0.18384348,"quality":56},"superFrameNumber":240}
UWB,1669370060569,{"position":{"x":-0.31334227,"y":2.5295732,"z":0.19137673,"quality":59},"superFrameNumber":250}
UWB,1669370061569,{"position":{"x":-0.2939629,"y":2.5650618,"z":0.15904719,"quality":56},"superFrameNumber":260}
UWB,1669370062569,{"position":{"x":-0.27701867,"y":2.5813141,"z":0.13667816,"quality":56},"superFrameNumber":270}
UWB,1669370063568,{"position":{"x":-0.26495346,"y":2.5787346,"z":0.13236482,"quality":56},"superFrameNumber":280}
UWB,1669370064569,{"position":{"x":-0.25190613,"y":2.5697894,"z":0.1365331,"quality":55},"superFrameNumber":290}
UWB,1669370065569,{"position":{"x":-0.25063434,"y":2.5836992,"z":0.11207636,"quality":56},"superFrameNumber":300}
UWB,1669370066569,{"position":{"x":-0.22196172,"y":2.5865827,"z":0.10289869,"quality":54},"superFrameNumber":310}
UWB,1669370067569,{"position":{"x":-0.28331915,"y":2.5481105,"z":0.17012458,"quality":58},"superFrameNumber":320}
UWB,1669370068568,{"position":{"x":-0.23104683,"y":2.5670569,"z":0.13778774,"quality":54},"superFrameNumber":330}
UWB,1669370069569,{"position":{"x":-0.2673611,"y":2.5414758,"z":0.16246092,"quality":57},"superFrameNumber":340}
UWB,1669370070569,{"position":{"x":-0.25555044,"y":2.5518732,"z":0.1553144,"quality":55},"superFrameNumber":350}
UWB,1669370071569,{"position":{"x":-0.29343826,"y":2.5460947,"z":0.14744873,"quality":58},"superFrameNumber":360}
UWB,1669370072569,{"position":{"x":-0.29351389,"y":2.567282,"z":0.13384926,"quality":57},"superFrameNumber":370}
UWB,1669370073569,{"position":{"x":-0.31877661,"y":2.5571167,"z":0.16686001,"quality":57},"superFrameNumber":380}
UWB,1669370074568,{"position":{"x":-0.3270047,"y":2.5615458,"z":0.17016889,"quality":57},"superFrameNumber":390}
UWB,1669370075569,{"position":{"x":-0.32516083,"y":2.5518463,"z":0.1819358,"quality":56},"superFrameNumber":400}
UWB,1669370076569,{"position":{"x":-0.3211824,"y":2.5339744,"z":0.20608918,"quality":56},"superFrameNumber":410}
UWB,1669370077569,{"position":{"x":-0.30568269,"y":2.5298734,"z":0.21279143,"quality":55},"superFrameNumber":420}
UWB,1669370078569,{"position":{"x":-0.3013522,"y":2.5330274,"z":0.21803841,"quality":56},"superFrameNumber":430}
UWB,1669370079568,{"position":{"x":-0.32574794,"y":2.5338404,"z":0.22452842,"quality":58},"superFrameNumber":440}
UWB,1669370080569,{"position":{"x":-0.312682,"y":2.5257967,"z":0.22249606,"quality":56},"superFrameNumber":450}
UWB,1669370081569,{"position":{"x":-0.2911483,"y":2.5284364,"z":0.20484059,"quality":55},"superFrameNumber":460}
UWB,1669370082569,{"position":{"x":-0.30194971,"y":2.5603437,"z":0.1777129,"quality":58},"superFrameNumber":470}
UWB,1669370083569,{"position":{"x":-0.28591791,"y":2.5613532,"z":0.15764332,"quality":56},"superFrameNumber":480}
UWB,1669370084569,{"position":{"x":-0.26634055,"y":2.5618079,"z":0.15632868,"quality":55},"superFrameNumber":490}
UWB,1669370085568,{"position":{"x":-0.31124976,"y":2.5358374,"z":0.19712994,"quality":58},"superFrameNumber":500}
UWB,1669370086569,{"position":{"x":-0.28184754,"y":2.5235395,"z":0.18833467,"quality":54},"superFrameNumber":510}
UWB,1669370087569,{"position":{"x":-0.25409174,"y":2.5372128,"z":0.1629703,"quality":55},"superFrameNumber":520}
UWB,1669370088569,{"position":{"x":-0.30312496,"y":2.5386245,"z":0.18742019,"quality":58},"superFrameNumber":530}
UWB,1669370089569,{"position":{"x":-0.31320015,"y":2.5410438,"z":0.17831409,"quality":57},"superFrameNumber":540}
UWB,1669370090568,{"position":{"x":-0.27036586,"y":2.5626845,"z":0.14780742,"quality":55},"superFrameNumber":550}
UWB,1669370091569,{"position":{"x":-0.27382949,"y":2.5609043,"z":0.14589453,"quality":56},"superFrameNumber":560}
UWB,1669370092569,{"position":{"x":-0.29379228,"y":2.5378668,"z":0.1682055,"quality":57},"superFrameNumber":570}
UWB,1669370093569,{"position":{"x":-0.28129959,"y":2.562741,"z":0.13961375,"quality":56},"superFrameNumber":580}
UWB,1669370094569,{"position":{"x":-0.2643874,"y":2.5641911,"z":0.14107776,"quality":55},"superFrameNumber":590}
UWB,1669370095568,{"position":{"x":-0.30682337,"y":2.5290465,"z":0.1918512,"quality":57},"superFrameNumber":600}
UWB,1669370096569,{"position":{"x":-0.29987627,"y":2.5389023,"z":0.17826313,"quality":56},"superFrameNumber":610}
UWB,1669370097569,{"position":{"x":-0.31449586,"y":2.5020857,"z":0.2287966,"quality":56},"superFrameNumber":620}
UWB,1669370098569,{"position":{"x":-0.30785069,"y":2.5072341,"z":0.21234323,"quality":56},"superFrameNumber":630}
UWB,1669370099569,{"position":{"x":-0.2849355,"y":2.5408447,"z":0.16651438,"quality":56},"superFrameNumber":640}
UWB,1669370100569,{"position":{"x":-0.25484958,"y":2.563854,"z":0.13770095,"quality":55},"superFrameNumber":650}
UWB,1669370101568,{"position":{"x":-0.24917662,"y":2.5670459,"z":0.14958049,"quality":55},"superFrameNumber":660}
UWB,1669370102569,{"position":{"x":-0.27214924,"y":2.5568833,"z":0.17436136,"quality":57},"superFrameNumber":670}
UWB,1669370103570,{"position":{"x":-0.25506124,"y":2.5458353,"z":0.1828104,"quality":54},"superFrameNumber":680}
UWB,1669370104569,{"position":{"x":-0.23756948,"y":2.5424838,"z":0.17494383,"quality":55},"superFrameNumber":690}
UWB,1669370105569,{"position":{"x":-0.22825484,"y":2.5559437,"z":0.14547037,"quality":55},"superFrameNumber":700}
UWB,1669370106568,{"position":{"x":-0.20386398,"y":2.5462747,"z":0.16671988,"quality":53},"superFrameNumber":710}
UWB,1669370107569,{"position":{"x":-0.20426205,"y":2.5479572,"z":0.1564924,"quality":55},"superFrameNumber":720}
UWB,1669370108569,{"position":{"x":-0.22812276,"y":2.5484743,"z":0.16106798,"quality":56},"superFrameNumber":730}
UWB,1669370109569,{"position":{"x":-0.27582818,"y":2.5447578,"z":0.1670168,"quality":58},"superFrameNumber":740}
UWB,1669370110569,{"position":{"x":-0.31023639,"y":2.5331452,"z":0.17782471,"quality":58},"superFrameNumber":750}
UWB,1669370111569,{"position":{"x":-0.29138443,"y":2.5562105,"z":0.14863198,"quality":56},"superFrameNumber":760}
UWB,1669370112568,{"position":{"x":-0.28492087,"y":2.524585,"z":0.19023463,"quality":55},"superFrameNumber":770}
UWB,1669370113569,{"position":{"x":-0.31596059,"y":2.51745,"z":0.20216967,"quality":58},"superFrameNumber":780}
UWB,1669370114569,{"position":{"x":-0.3063001,"y":2.5299642,"z":0.1781725,"quality":56},"superFrameNumber":790}
UWB,1669370115569,{"position":{"x":-0.31139019,"y":2.5266247,"z":0.1946497,"quality":56},"superFrameNumber":800}
UWB,1669370116569,{"position":{"x":-0.34103319,"y":2.5053251,"z":0.22926717,"quality":57},"superFrameNumber":810}
UWB,1669370117568,{"position":{"x":-0.32210997,"y":2.5041864,"z":0.22401386,"quality":55},"superFrameNumber":820}
UWB,1669370118569,{"position":{"x":-0.29341936,"y":2.5156353,"z":0.22317989,"quality":55},"superFrameNumber":830}
UWB,1669370119569,{"position":{"x":-0.31161928,"y":2.5166528,"z":0.23097064,"quality":57},"superFrameNumber":840}
UWB,1669370120569,{"position":{"x":-0.34805176,"y":2.4954736,"z":0.24853012,"quality":58},"superFrameNumber":850}
UWB,1669370121569,{"position":{"x":-0.33341083,"y":2.5162008,"z":0.20956871,"quality":57},"superFrameNumber":860}
UWB,1669370122569,{"position":{"x":-0.32780913,"y":2.5255344,"z":0.20208605,"quality":56},"superFrameNumber":870}
UWB,1669370123568,{"position":{"x":-0.29866007,"y":2.5454824,"z":0.17101598,"quality":56},"superFrameNumber":880}
UWB,1669370124569,{"position":{"x":-0.30418074,"y":2.549947,"z":0.16798088,"quality":57},"superFrameNumber":890}
UWB,1669370125569,{"position":{"x":-0.30916849,"y":2.5340075,"z":0.17924784,"quality":56},"superFrameNumber":900}
UWB,1669370126569,{"position":{"x":-0.31324357,"y":2.5324848,"z":0.20384917,"quality":56},"superFrameNumber":910}
UWB,1669370127569,{"position":{"x":-0.32849568,"y":2.5254257,"z":0.20155674,"quality":57},"superFrameNumber":920}
UWB,1669370128568,{"position":{"x":-0.31798324,"y":2.5435019,"z":0.179596,"quality":57},"superFrameNumber":930}
UWB,1669370129569,{"position":{"x":-0.29985553,"y":2.5368478,"z":0.17405702,"quality":55},"superFrameNumber":940}
UWB,1669370130569,{"position":{"x":-0.29689613,"y":2.5208406,"z":0.19162308,"quality":56},"superFrameNumber":950}
UWB,1669370131569,{"position":{"x":-0.32348633,"y":2.5216253,"z":0.19478942,"quality":58},"superFrameNumber":960}
UWB,1669370132569,{"position":{"x":-0.31855544,"y":2.5339494,"z":0.18658237,"quality":57},"superFrameNumber":970}
UWB,1669370133569,{"position":{"x":-0.32322818,"y":2.535274,"z":0.17862162,"quality":57},"superFrameNumber":980}
UWB,1669370134568,{"position":{"x":-0.3236362,"y":2.5284572,"z":0.20232534,"quality":56},"superFrameNumber":990}
UWB,1669370135569,{"position":{"x":-0.30448386,"y":2.5286324,"z":0.20117567,"quality":55},"superFrameNumber":1000}
UWB,1669370136569,{"position":{"x":-0.31563878,"y":2.5335293,"z":0.1888833,"quality":57},"superFrameNumber":1010}
UWB,1669370137569,{"position":{"x":-0.3114914,"y":2.5419588,"z":0.17512836,"quality":57},"superFrameNumber":1020}
UWB,1669370138569,{"position":{"x":-0.28220329,"y":2.5596974,"z":0.15172338,"quality":55},"superFrameNumber":1030}
UWB,1669370139568,{"position":{"x":-0.28909013,"y":2.548068,"z":0.17333174,"quality":56},"superFrameNumber":1040}
UWB,1669370140570,{"position":{"x":-0.31222335,"y":2.5439076,"z":0.17535394,"quality":58},"superFrameNumber":1050}
UWB,1669370141569,{"position":{"x":-0.306516,"y":2.5399008,"z":0.16430093,"quality":56},"superFrameNumber":1060}
UWB,1669370142569,{"position":{"x":-0.30994883,"y":2.5379527,"z":0.15970966,"quality":57},"superFrameNumber":1070}
UWB,1669370143569,{"position":{"x":-0.29012534,"y":2.5242691,"z":0.17299612,"quality":55},"superFrameNumber":1080}
UWB,1669370144569,{"position":{"x":-0.29912207,"y":2.5049365,"z":0.19347018,"quality":56},"superFrameNumber":1090}
UWB,1669370145568,{"position":{"x":-0.30424887,"y":2.5047889,"z":0.19571447,"quality":56},"superFrameNumber":1100}
UWB,1669370146570,{"position":{"x":-0.31732035,"y":2.4910498,"z":0.2278004,"quality":56},"superFrameNumber":1110}
UWB,1669370147569,{"position":{"x":-0.29883662,"y":2.5151367,"z":0.21980655,"quality":55},"superFrameNumber":1120}
UWB,1669370148569,{"position":{"x":-0.29301271,"y":2.5353723,"z":0.18946439,"quality":56},"superFrameNumber":1130}
UWB,1669370149569,{"position":{"x":-0.31456241,"y":2.4958987,"z":0.24155743,"quality":56},"superFrameNumber":1140}
UWB,1669370150569,{"position":{"x":-0.32277483,"y":2.4905787,"z":0.2438522,"quality":57},"superFrameNumber":1150}
UWB,1669370151570,{"position":{"x":-0.24702042,"y":2.5048385,"z":0.21531983,"quality":52},"superFrameNumber":1160}
UWB,1669370152569,{"position":{"x":-0.26609737,"y":2.517854,"z":0.20155032,"quality":57},"superFrameNumber":1170}
UWB,1669370153569,{"position":{"x":-0.26299888,"y":2.5393467,"z":0.1703935,"quality":56},"superFrameNumber":1180}
UWB,1669370154569,{"position":{"x":-0.25745222,"y":2.5456569,"z":0.17046611,"quality":55},"superFrameNumber":1190}
UWB,1669370155568,{"position":{"x":-0.246166,"y":2.5491335,"z":0.17145656,"quality":55},"superFrameNumber":1200}
UWB,1669370156569,{"position":{"x":-0.26301813,"y":2.5513797,"z":0.17607114,"quality":56},"superFrameNumber":1210}
UWB,1669370157570,{"position":{"x":-0.2768023,"y":2.5504618,"z":0.16700506,"quality":57},"superFrameNumber":1220}
UWB,1669370158569,{"position":{"x":-0.27777392,"y":2.5542953,"z":0.16675378,"quality":56},"superFrameNumber":1230}
UWB,1669370159569,{"position":{"x":-0.29251677,"y":2.5403407,"z":0.18899353,"quality":56},"superFrameNumber":1240}
UWB,1669370160569,{"position":{"x":-0.3325789,"y":2.5366309,"z":0.20505552,"quality":58},"superFrameNumber":1250}
UWB,1669370161569,{"position":{"x":-0.29809973,"y":2.5295949,"z":0.20919617,"quality":54},"superFrameNumber":1260}
UWB,1669370162570,{"position":{"x":-0.31089592,"y":2.5166233,"z":0.2248641,"quality":56},"superFrameNumber":1270}
UWB,1669370163569,{"position":{"x":-0.31513488,"y":2.5351384,"z":0.20508166,"quality":57},"superFrameNumber":1280}
UWB,1669370164569,{"position":{"x":-0.3301459,"y":2.509958,"z":0.23725255,"quality":57},"superFrameNumber":1290}
UWB,1669370165569,{"position":{"x":-0.31866452,"y":2.5176711,"z":0.21004458,"quality":56},"superFrameNumber":1300}
UWB,1669370166569,{"position":{"x":-0.30030036,"y":2.5396411,"z":0.19805817,"quality":56},"superFrameNumber":1310}
UWB,1669370167570,{"position":{"x":-0.29733732,"y":2.559273,"z":0.16599146,"quality":57},"superFrameNumber":1320}
UWB,1669370168569,{"position":{"x":-0.30486649,"y":2.5509057,"z":0.16762137,"quality":57},"superFrameNumber":1330}
UWB,1669370169569,{"position":{"x":-0.28286064,"y":2.564491,"z":0.14535412,"quality":56},"superFrameNumber":1340}
UWB,1669370170569,{"position":{"x":-0.28026205,"y":2.559093,"z":0.14406393,"quality":56},"superFrameNumber":1350}
UWB,1669370171569,{"position":{"x":-0.26929292,"y":2.5707853,"z":0.13004518,"quality":56},"superFrameNumber":1360}
UWB,1669370172568,{"position":{"x":-0.25484166,"y":2.5704474,"z":0.12946154,"quality":55},"superFrameNumber":1370}
UWB,1669370173570,{"position":{"x":-0.25589755,"y":2.5739241,"z":0.13537422,"quality":56},"superFrameNumber":1380}
UWB,1669370174569,{"position":{"x":-0.26110414,"y":2.5854664,"z":0.12191328,"quality":57},"superFrameNumber":1390}
UWB,1669370175569,{"position":{"x":-0.255152,"y":2.5782239,"z":0.13689037,"quality":55},"superFrameNumber":1400}
UWB,1669370176569,{"position":{"x":-0.24218406,"y":2.5831542,"z":0.13853465,"quality":55},"superFrameNumber":1410}
UWB,1669370177568,{"position":{"x":-0.21974711,"y":2.581301,"z":0.11404814,"quality":55},"superFrameNumber":1420}
UWB,1669370178570,{"position":{"x":-0.22254232,"y":2.5729759,"z":0.11542773,"quality":55},"superFrameNumber":1430}
UWB,1669370179569,{"position":{"x":-0.22690935,"y":2.5696783,"z":0.11462327,"quality":56},"superFrameNumber":0}
UWB,1669370180569,{"position":{"x":-0.23882401,"y":2.5646157,"z":0.12694901,"quality":56},"superFrameNumber":10}
UWB,1669370181569,{"position":{"x":-0.2517949,"y":2.5638897,"z":0.10613284,"quality":57},"superFrameNumber":20}
UWB,1669370182569,{"position":{"x":-0.28641903,"y":2.5225041,"z":0.16249457,"quality":57},"superFrameNumber":30}
UWB,1669370183568,{"position":{"x":-0.24618366,"y":2.5463953,"z":0.14340736,"quality":54},"superFrameNumber":40}
UWB,1669370184570,{"position":{"x":-0.25468877,"y":2.5508025,"z":0.15172057,"quality":56},"superFrameNumber":50}
UWB,1669370185569,{"position":{"x":-0.26121306,"y":2.5643878,"z":0.14347857,"quality":56},"superFrameNumber":60}
UWB,1669370186569,{"position":{"x":-0.26566854,"y":2.565408,"z":0.14198366,"quality":56},"superFrameNumber":70}
UWB,1669370187569,{"position":{"x":-0.28139845,"y":2.5493686,"z":0.16906202,"quality":56},"superFrameNumber":80}
UWB,1669370188568,{"position":{"x":-0.29045755,"y":2.536442,"z":0.17145026,"quality":56},"superFrameNumber":90}
UWB,1669370189570,{"position":{"x":-0.29443023,"y":2.5323889,"z":0.16060114,"quality":57},"superFrameNumber":100}
UWB,1669370190569,{"position":{"x":-0.27550271,"y":2.5480485,"z":0.1456708,"quality":56},"superFrameNumber":110}
UWB,1669370191569,{"position":{"x":-0.27649847,"y":2.5489962,"z":0.13730957,"quality":56},"superFrameNumber":120}
UWB,1669370192569,{"position":{"x":-0.30257666,"y":2.5196707,"z":0.20750307,"quality":56},"superFrameNumber":130}
UWB,1669370193569,{"position":{"x":-0.27169251,"y":2.5372705,"z":0.18148486,"quality":55},"superFrameNumber":140}
UWB,1669370194568,{"position":{"x":-0.26473561,"y":2.5435588,"z":0.15730764,"quality":56},"superFrameNumber":150}
UWB,1669370195569,{"position":{"x":-0.28676856,"y":2.5548131,"z":0.1399473,"quality":58},"superFrameNumber":160}
UWB,1669370196569,{"position":{"x":-0.29319933,"y":2.5558197,"z":0.1418833,"quality":57},"superFrameNumber":170}
UWB,1669370197570,{"position":{"x":-0.29050136,"y":2.5378523,"z":0.16947927,"quality":55},"superFrameNumber":180}
UWB,1669370198569,{"position":{"x":-0.30323181,"y":2.5148716,"z":0.2111592,"quality":56},"superFrameNumber":190}
UWB,1669370199568,{"position":{"x":-0.33157644,"y":2.5187552,"z":0.21604751,"quality":58},"superFrameNumber":200}
UWB,1669370200570,{"position":{"x":-0.31409648,"y":2.527117,"z":0.19547147,"quality":56},"superFrameNumber":210}
UWB,1669370201569,{"position":{"x":-0.31631038,"y":2.5206704,"z":0.2089282,"quality":56},"superFrameNumber":220}
UWB,1669370202569,{"position":{"x":-0.30804983,"y":2.5257485,"z":0.1948386,"quality":56},"superFrameNumber":230}
UWB,1669370203569,{"position":{"x":-0.28973776,"y":2.5347288,"z":0.17134242,"quality":56},"superFrameNumber":240}
UWB,1669370204569,{"position":{"x":-0.28294092,"y":2.5409126,"z":0.15738194,"quality":56},"superFrameNumber":250}
UWB,1669370205568,{"position":{"x":-0.26332393,"y":2.5464311,"z":0.13789006,"quality":55},"superFrameNumber":260}
UWB,1669370206569,{"position":{"x":-0.25151777,"y":2.5565233,"z":0.12538835,"quality":56},"superFrameNumber":270}
UWB,1669370207569,{"position":{"x":-0.2410381,"y":2.5634608,"z":0.098765112,"quality":56},"superFrameNumber":280}
UWB,1669370208569,{"position":{"x":-0.27437103,"y":2.5403538,"z":0.14348654,"quality":57},"superFrameNumber":290}
UWB,1669370209569,{"position":{"x":-0.24026866,"y":2.5517876,"z":0.12384778,"quality":54},"superFrameNumber":300}
UWB,1669370210569,{"position":{"x":-0.2496382,"y":2.5616958,"z":0.1211993,"quality":56},"superFrameNumber":310}
UWB,1669370211570,{"position":{"x":-0.25268507,"y":2.5591958,"z":0.14093205,"quality":56},"superFrameNumber":320}
UWB,1669370212569,{"position":{"x":-0.25264618,"y":2.5707836,"z":0.13432235,"quality":56},"superFrameNumber":330}
UWB,1669370213569,{"position":{"x":-0.24004175,"y":2.5773692,"z":0.12276657,"quality":55},"superFrameNumber":340}
UWB,1669370214569,{"position":{"x":-0.25367019,"y":2.5709925,"z":0.1328797,"quality":56},"superFrameNumber":350}
UWB,1669370215568,{"position":{"x":-0.25527823,"y":2.5847239,"z":0.11751219,"quality":56},"superFrameNumber":360}
UWB,1669370216570,{"position":{"x":-0.24821076,"y":2.5785859,"z":0.12786277,"quality":55},"superFrameNumber":370}
UWB,1669370217569,{"position":{"x":-0.22717839,"y":2.5779512,"z":0.1271428,"quality":54},"superFrameNumber":380}
UWB,1669370218569,{"position":{"x":-0.24441379,"y":2.5615797,"z":0.13594289,"quality":56},"superFrameNumber":390}
UWB,1669370219570,{"position":{"x":-0.23347323,"y":2.5624003,"z":0.10708489,"quality":56},"superFrameNumber":400}
UWB,1669370220569,{"position":{"x":-0.23121214,"y":2.5514688,"z":0.11020105,"quality":55},"superFrameNumber":410}
UWB,1669370221569,{"position":{"x":-0.25023568,"y":2.5638561,"z":0.12485159,"quality":57},"superFrameNumber":420}
UWB,1669370222570,{"position":{"x":-0.23353595,"y":2.5565112,"z":0.13722034,"quality":54},"superFrameNumber":430}
UWB,1669370223569,{"position":{"x":-0.28626654,"y":2.5416179,"z":0.17221703,"quality":58},"superFrameNumber":440}
UWB,1669370224569,{"position":{"x":-0.27424103,"y":2.562819,"z":0.14021964,"quality":56},"superFrameNumber":450}
UWB,1669370225569,{"position":{"x":-0.3001945,"y":2.562274,"z":0.14402735,"quality":58},"superFrameNumber":460}
UWB,1669370226568,{"position":{"x":-0.33300132,"y":2.5319,"z":0.1851244,"quality":58},"superFrameNumber":470}
UWB,1669370227570,{"position":{"x":-0.30714712,"y":2.5455923,"z":0.18558046,"quality":55},"superFrameNumber":480}
UWB,1669370228569,{"position":{"x":-0.31658563,"y":2.5303631,"z":0.20224534,"quality":57},"superFrameNumber":490}
UWB,1669370229569,{"position":{"x":-0.31990746,"y":2.5197668,"z":0.21925946,"quality":56},"superFrameNumber":500}
UWB,1669370230569,{"position":{"x":-0.31706259,"y":2.5385437,"z":0.17660101,"quality":57},"superFrameNumber":510}
UWB,1669370231569,{"position":{"x":-0.33484143,"y":2.5246332,"z":0.20652711,"quality":57},"superFrameNumber":520}
UWB,1669370232569,{"position":{"x":-0.33131677,"y":2.5352278,"z":0.19535524,"quality":57},"superFrameNumber":530}
UWB,1669370233570,{"position":{"x":-0.30049869,"y":2.5408206,"z":0.1804862,"quality":55},"superFrameNumber":540}
UWB,1669370234569,{"position":{"x":-0.28352287,"y":2.5471857,"z":0.15689093,"quality":56},"superFrameNumber":550}
UWB,1669370235569,{"position":{"x":-0.27632523,"y":2.5587816,"z":0.14851604,"quality":56},"superFrameNumber":560}
UWB,1669370236569,{"position":{"x":-0.27301621,"y":2.5426424,"z":0.17417784,"quality":55},"superFrameNumber":570}
UWB,1669370237569,{"position":{"x":-0.28946969,"y":2.5594718,"z":0.15471195,"quality":57},"superFrameNumber":580}
UWB,1669370238569,{"position":{"x":-0.2744818,"y":2.5727756,"z":0.12554932,"quality":56},"superFrameNumber":590}
UWB,1669370239570,{"position":{"x":-0.26910669,"y":2.5558686,"z":0.11951839,"quality":56},"superFrameNumber":600}
UWB,1669370240569,{"position":{"x":-0.32356197,"y":2.5403209,"z":0.16233362,"quality":59},"superFrameNumber":610}
UWB,1669370241569,{"position":{"x":-0.28387702,"y":2.534471,"z":0.17327106,"quality":54},"superFrameNumber":620}
UWB,1669370242569,{"position":{"x":-0.293357,"y":2.5277045,"z":0.16917378,"quality":57},"superFrameNumber":630}
UWB,1669370243569,{"position":{"x":-0.28956288,"y":2.5231068,"z":0.17211117,"quality":56},"superFrameNumber":640}
UWB,1669370244569,{"position":{"x":-0.27456829,"y":2.5289285,"z":0.16765907,"quality":55},"superFrameNumber":650}
UWB,1669370245570,{"position":{"x":-0.29653755,"y":2.5538301,"z":0.16851942,"quality":58},"superFrameNumber":660}
UWB,1669370246569,{"position":{"x":-0.30915585,"y":2.5563278,"z":0.16286059,"quality":57},"superFrameNumber":670}
UWB,1669370247569,{"position":{"x":-0.32845312,"y":2.5548508,"z":0.16089559,"quality":58},"superFrameNumber":680}
UWB,1669370248569,{"position":{"x":-0.30703276,"y":2.5712826,"z":0.13980852,"quality":56},"superFrameNumber":690}
UWB,1669370249569,{"position":{"x":-0.29062968,"y":2.5561712,"z":0.15039818,"quality":55},"superFrameNumber":700}
UWB,1669370250570,{"position":{"x":-0.31131205,"y":2.5545161,"z":0.14314094,"quality":58},"superFrameNumber":710}
UWB,1669370251570,{"position":{"x":-0.30276254,"y":2.5506358,"z":0.16459765,"quality":56},"superFrameNumber":720}
UWB,1669370252570,{"position":{"x":-0.28369063,"y":2.5304792,"z":0.18141946,"quality":55},"superFrameNumber":730}
UWB,1669370253570,{"position":{"x":-0.27503073,"y":2.52537,"z":0.186287,"quality":55},"superFrameNumber":740}
UWB,1669370254570,{"position":{"x":-0.27790391,"y":2.5566669,"z":0.15601501,"quality":57},"superFrameNumber":750}
UWB,1669370255569,{"position":{"x":-0.29595262,"y":2.5545216,"z":0.14897011,"quality":57},"superFrameNumber":760}
UWB,1669370256569,{"position":{"x":-0.29237172,"y":2.5637274,"z":0.15236248,"quality":56},"superFrameNumber":770}
UWB,1669370257571,{"position":{"x":-0.29339105,"y":2.5826352,"z":0.16086903,"quality":57},"superFrameNumber":780}
UWB,1669370258569,{"position":{"x":-0.28351185,"y":2.5734174,"z":0.14797774,"quality":56},"superFrameNumber":790}
UWB,1669370259569,{"position":{"x":-0.25534,"y":2.5681534,"z":0.12761524,"quality":55},"superFrameNumber":800}
UWB,1669370260569,{"position":{"x":-0.231974,"y":2.5759819,"z":0.12591915,"quality":55},"superFrameNumber":810}
UWB,1669370261569,{"position":{"x":-0.26710242,"y":2.5613928,"z":0.15485597,"quality":57},"superFrameNumber":820}
UWB,1669370262569,{"position":{"x":-0.27520335,"y":2.5724735,"z":0.15437096,"quality":57},"superFrameNumber":830}
UWB,1669370263569,{"position":{"x":-0.28452545,"y":2.5718205,"z":0.15491949,"quality":57},"superFrameNumber":840}
UWB,1669370264569,{"position":{"x":-0.30156347,"y":2.5521481,"z":0.15555529,"quality":57},"superFrameNumber":850}
UWB,1669370265569,{"position":{"x":-0.33618078,"y":2.5488925,"z":0.17434657,"quality":58},"superFrameNumber":860}
UWB,1669370266569,{"position":{"x":-0.32243535,"y":2.5382667,"z":0.20444848,"quality":55},"superFrameNumber":870}
UWB,1669370267570,{"position":{"x":-0.30887464,"y":2.5490639,"z":0.18683918,"quality":56},"superFrameNumber":880}
UWB,1669370268569,{"position":{"x":-0.28257787,"y":2.5516386,"z":0.16525072,"quality":55},"superFrameNumber":890}
UWB,1669370269569,{"position":{"x":-0.27469626,"y":2.5383046,"z":0.17643431,"quality":55},"superFrameNumber":900}
UWB,1669370270570,{"position":{"x":-0.26353249,"y":2.5370777,"z":0.16531828,"quality":55},"superFrameNumber":910}
UWB,1669370271570,{"position":{"x":-0.28920412,"y":2.527226,"z":0.18310441,"quality":57},"superFrameNumber":920}
UWB,1669370272570,{"position":{"x":-0.26891419,"y":2.5329783,"z":0.16983098,"quality":55},"superFrameNumber":930}
UWB,1669370273570,{"position":{"x":-0.2722322,"y":2.5276265,"z":0.18231808,"quality":56},"superFrameNumber":940}
UWB,1669370274570,{"position":{"x":-0.30312833,"y":2.517627,"z":0.20299104,"quality":57},"superFrameNumber":950}
UWB,1669370275570,{"position":{"x":-0.31528938,"y":2.5083349,"z":0.20871463,"quality":57},"superFrameNumber":960}
UWB,1669370276570,{"position":{"x":-0.3354148,"y":2.5063951,"z":0.21165954,"quality":58},"superFrameNumber":970}
UWB,1669370277570,{"position":{"x":-0.32185194,"y":2.5069127,"z":0.1858844,"quality":56},"superFrameNumber":980}
UWB,1669370278570,{"position":{"x":-0.29775813,"y":2.5303216,"z":0.15692019,"quality":56},"superFrameNumber":990}
UWB,1669370279570,{"position":{"x":-0.28986329,"y":2.5164263,"z":0.17518674,"quality":55},"superFrameNumber":1000}
UWB,1669370280570,{"position":{"x":-0.3176133,"y":2.5138693,"z":0.19096552,"quality":58},"superFrameNumber":1010}
UWB,1669370281570,{"position":{"x":-0.30587888,"y":2.5390532,"z":0.1652907,"quality":56},"superFrameNumber":1020}
UWB,1669370282570,{"position":{"x":-0.29358569,"y":2.5435832,"z":0.1718573,"quality":56},"superFrameNumber":1030}
UWB,1669370283570,{"position":{"x":-0.24719763,"y":2.5513217,"z":0.13452923,"quality":54},"superFrameNumber":1040}
UWB,1669370284570,{"position":{"x":-0.30320063,"y":2.5272286,"z":0.18321426,"quality":58},"superFrameNumber":1050}
UWB,1669370285570,{"position":{"x":-0.28261811,"y":2.5343649,"z":0.18480243,"quality":55},"superFrameNumber":1060}
UWB,1669370286570,{"position":{"x":-0.26240483,"y":2.5254354,"z":0.18324181,"quality":55},"superFrameNumber":1070}
UWB,1669370287570,{"position":{"x":-0.26197743,"y":2.5096104,"z":0.20580707,"quality":55},"superFrameNumber":1080}
UWB,1669370288570,{"position":{"x":-0.26302779,"y":2.5137353,"z":0.22225666,"quality":55},"superFrameNumber":1090}
UWB,1669370289570,{"position":{"x":-0.29186028,"y":2.4982183,"z":0.25228277,"quality":57},"superFrameNumber":1100}
UWB,1669370290570,{"position":{"x":-0.33545786,"y":2.4896472,"z":0.26998371,"quality":58},"superFrameNumber":1110}
UWB,1669370291570,{"position":{"x":-0.26480246,"y":2.5144932,"z":0.22939293,"quality":53},"superFrameNumber":1120}
UWB,1669370292569,{"position":{"x":-0.25653341,"y":2.516696,"z":0.22728218,"quality":55},"superFrameNumber":1130}
UWB,1669370293570,{"position":{"x":-0.29183573,"y":2.5024695,"z":0.26031008,"quality":57},"superFrameNumber":1140}
UWB,1669370294570,{"position":{"x":-0.24430436,"y":2.5248909,"z":0.21794875,"quality":54},"superFrameNumber":1150}
UWB,1669370295570,{"position":{"x":-0.22230898,"y":2.5553679,"z":0.17730039,"quality":55},"superFrameNumber":1160}
UWB,1669370296570,{"position":{"x":-0.24743845,"y":2.5497863,"z":0.1712742,"quality":57},"superFrameNumber":1170}
UWB,1669370297570,{"position":{"x":-0.24287394,"y":2.5723777,"z":0.14647597,"quality":56},"superFrameNumber":1180}
UWB,1669370298570,{"position":{"x":-0.23671168,"y":2.585258,"z":0.12118825,"quality":56},"superFrameNumber":1190}
UWB,1669370299570,{"position":{"x":-0.20354459,"y":2.5910306,"z":0.12648331,"quality":54},"superFrameNumber":1200}
UWB,1669370300569,{"position":{"x":-0.20876566,"y":2.5812504,"z":0.13132206,"quality":55},"superFrameNumber":1210}
UWB,1669370301570,{"position":{"x":-0.23865287,"y":2.5748627,"z":0.12490378,"quality":57},"superFrameNumber":1220}
UWB,1669370302570,{"position":{"x":-0.23234762,"y":2.5681372,"z":0.1456145,"quality":55},"superFrameNumber":1230}
UWB,1669370303570,{"position":{"x":-0.24043609,"y":2.5730858,"z":0.14844523,"quality":56},"superFrameNumber":1240}
UWB,1669370304570,{"position":{"x":-0.21966811,"y":2.5893164,"z":0.14012013,"quality":55},"superFrameNumber":1250}
UWB,1669370305570,{"position":{"x":-0.28325504,"y":2.5247192,"z":0.23301394,"quality":57},"superFrameNumber":1260}
UWB,1669370306570,{"position":{"x":-0.24193071,"y":2.5286956,"z":0.20843953,"quality":54},"superFrameNumber":1270}
UWB,1669370307570,{"position":{"x":-0.26121441,"y":2.5203474,"z":0.20814289,"quality":56},"superFrameNumber":1280}
UWB,1669370308570,{"position":{"x":-0.27403376,"y":2.5290504,"z":0.19229281,"quality":57},"superFrameNumber":1290}
UWB,1669370309570,{"position":{"x":-0.27863947,"y":2.5210707,"z":0.1696406,"quality":56},"superFrameNumber":1300}
UWB,1669370310570,{"position":{"x":-0.26541379,"y":2.5347145,"z":0.15941659,"quality":55},"superFrameNumber":1310}
UWB,1669370311570,{"position":{"x":-0.28291509,"y":2.5262311,"z":0.17627342,"quality":57},"superFrameNumber":1320}
UWB,1669370312570,{"position":{"x":-0.27672353,"y":2.5362029,"z":0.17283675,"quality":56},"superFrameNumber":1330}
UWB,1669370313570,{"position":{"x":-0.26878756,"y":2.5300241,"z":0.17091361,"quality":55},"superFrameNumber":1340}
UWB,1669370314570,{"position":{"x":-0.28953382,"y":2.5213208,"z":0.18761103,"quality":57},"superFrameNumber":1350}
UWB,1669370315570,{"position":{"x":-0.22130834,"y":2.5921056,"z":0.099599466,"quality":70},"superFrameNumber":1360}
UWB,1669370316570,{"position":{"x":-0.23811443,"y":2.5536413,"z":0.15315522,"quality":55},"superFrameNumber":1370}
UWB,1669370317570,{"position":{"x":-0.23447305,"y":2.5584536,"z":0.14188533,"quality":55},"superFrameNumber":1380}
UWB,1669370318570,{"position":{"x":-0.2807554,"y":2.5223029,"z":0.19118585,"quality":57},"superFrameNumber":1390}
UWB,1669370319570,{"position":{"x":-0.25850382,"y":2.5174031,"z":0.20905934,"quality":54},"superFrameNumber":1400}
UWB,1669370320570,{"position":{"x":-0.2828241,"y":2.5221648,"z":0.2033982,"quality":57},"superFrameNumber":1410}
UWB,1669370321570,{"position":{"x":-0.28382018,"y":2.5279796,"z":0.18718863,"quality":56},"superFrameNumber":1420}
UWB,1669370322570,{"position":{"x":-0.26919255,"y":2.5412784,"z":0.1767073,"quality":55},"superFrameNumber":1430}
UWB,1669370323570,{"position":{"x":-0.28695595,"y":2.543169,"z":0.18853518,"quality":57},"superFrameNumber":0}
UWB,1669370324570,{"position":{"x":-0.2962499,"y":2.5326123,"z":0.19761258,"quality":56},"superFrameNumber":10}
UWB,1669370325570,{"position":{"x":-0.325822,"y":2.50349,"z":0.24061206,"quality":57},"superFrameNumber":20}
UWB,1669370326570,{"position":{"x":-0.28816372,"y":2.5320857,"z":0.19665225,"quality":55},"superFrameNumber":30}
UWB,1669370327570,{"position":{"x":-0.30171964,"y":2.5209055,"z":0.20944563,"quality":56},"superFrameNumber":40}
UWB,1669370328570,{"position":{"x":-0.29873279,"y":2.5211272,"z":0.21900366,"quality":56},"superFrameNumber":50}
UWB,1669370329570,{"position":{"x":-0.28699756,"y":2.5480542,"z":0.18085045,"quality":56},"superFrameNumber":60}
UWB,1669370330570,{"position":{"x":-0.27359197,"y":2.5627403,"z":0.15922371,"quality":56},"superFrameNumber":70}
UWB,1669370331570,{"position":{"x":-0.26137716,"y":2.5684962,"z":0.13999037,"quality":56},"superFrameNumber":80}
UWB,1669370332570,{"position":{"x":-0.24883607,"y":2.5767846,"z":0.12371029,"quality":56},"superFrameNumber":90}
UWB,1669370333570,{"position":{"x":-0.24717072,"y":2.5713923,"z":0.12453683,"quality":56},"superFrameNumber":100}
UWB,1669370334570,{"position":{"x":-0.27772027,"y":2.5522325,"z":0.16431555,"quality":57},"superFrameNumber":110}
UWB,1669370335570,{"position":{"x":-0.28423092,"y":2.5541518,"z":0.16150568,"quality":57},"superFrameNumber":120}
UWB,1669370336570,{"position":{"x":-0.27395573,"y":2.5721538,"z":0.13837141,"quality":56},"superFrameNumber":130}
UWB,1669370337570,{"position":{"x":-0.30473945,"y":2.5481441,"z":0.16168781,"quality":57},"superFrameNumber":140}
UWB,1669370338570,{"position":{"x":-0.29461578,"y":2.5493872,"z":0.15650083,"quality":56},"superFrameNumber":150}
UWB,1669370339570,{"position":{"x":-0.27684903,"y":2.5680723,"z":0.1547696,"quality":55},"superFrameNumber":160}
UWB,1669370340570,{"position":{"x":-0.27889571,"y":2.5748327,"z":0.13332365,"quality":57},"superFrameNumber":170}
UWB,1669370341570,{"position":{"x":-0.30596679,"y":2.5354469,"z":0.17757429,"quality":57},"superFrameNumber":180}
UWB,1669370342570,{"position":{"x":-0.31099224,"y":2.5275717,"z":0.19465661,"quality":56},"superFrameNumber":190}
UWB,1669370343570,{"position":{"x":-0.2839604,"y":2.5355439,"z":0.17712864,"quality":55},"superFrameNumber":200}
UWB,1669370344570,{"position":{"x":-0.29934424,"y":2.5191226,"z":0.20361619,"quality":56},"superFrameNumber":210}
UWB,1669370345570,{"position":{"x":-0.29813376,"y":2.5507615,"z":0.17292441,"quality":57},"superFrameNumber":220}
UWB,1669370346570,{"position":{"x":-0.29159826,"y":2.5538704,"z":0.17182353,"quality":56},"superFrameNumber":230}
UWB,1669370347570,{"position":{"x":-0.276385,"y":2.5696392,"z":0.15288204,"quality":56},"superFrameNumber":240}
UWB,1669370348570,{"position":{"x":-0.2705341,"y":2.5664687,"z":0.15021075,"quality":56},"superFrameNumber":250}
UWB,1669370349570,{"position":{"x":-0.3027634,"y":2.5323482,"z":0.20110334,"quality":57},"superFrameNumber":260}
UWB,1669370350570,{"position":{"x":-0.28264394,"y":2.5328362,"z":0.17919782,"quality":55},"superFrameNumber":270}
UWB,1669370351570,{"position":{"x":-0.23336668,"y":2.5392067,"z":0.16679204,"quality":53},"superFrameNumber":280}
UWB,1669370352570,{"position":{"x":-0.23882096,"y":2.5332355,"z":0.17359328,"quality":55},"superFrameNumber":290}
UWB,1669370353570,{"position":{"x":-0.26904047,"y":2.5139427,"z":0.2111087,"quality":56},"superFrameNumber":300}
UWB,1669370354570,{"position":{"x":-0.26555562,"y":2.5299764,"z":0.20279095,"quality":56},"superFrameNumber":310}
UWB,1669370355570,{"position":{"x":-0.25271854,"y":2.5476596,"z":0.16922241,"quality":56},"superFrameNumber":320}
UWB,1669370356570,{"position":{"x":-0.23240967,"y":2.5651126,"z":0.14398423,"quality":55},"superFrameNumber":330}
UWB,1669370357570,{"position":{"x":-0.21241632,"y":2.5705442,"z":0.12030983,"quality":55},"superFrameNumber":340}
UWB,1669370358570,{"position":{"x":-0.25835848,"y":2.5735018,"z":0.12829877,"quality":58},"superFrameNumber":350}
UWB,1669370359570,{"position":{"x":-0.24217245,"y":2.5961251,"z":0.10717866,"quality":56},"superFrameNumber":360}
UWB,1669370360570,{"position":{"x":-0.25309044,"y":2.5751824,"z":0.11448117,"quality":56},"superFrameNumber":370}
UWB,1669370361570,{"position":{"x":-0.22238037,"y":2.5641227,"z":0.10900875,"quality":54},"superFrameNumber":380}
UWB,1669370362570,{"position":{"x":-0.26682827,"y":2.5441751,"z":0.15369904,"quality":57},"superFrameNumber":390}
UWB,1669370363570,{"position":{"x":-0.25705597,"y":2.5552547,"z":0.13499276,"quality":56},"superFrameNumber":400}
UWB,1669370364570,{"position":{"x":-0.27398697,"y":2.5597668,"z":0.13554974,"quality":57},"superFrameNumber":410}
UWB,1669370365570,{"position":{"x":-0.27435246,"y":2.5376978,"z":0.15437682,"quality":55},"superFrameNumber":420}
UWB,1669370366570,{"position":{"x":-0.2791532,"y":2.5366879,"z":0.15896103,"quality":56},"superFrameNumber":430}
UWB,1669370367571,{"position":{"x":-0.21779566,"y":2.5605292,"z":0.11837442,"quality":53},"superFrameNumber":440}
UWB,1669370368570,{"position":{"x":-0.25820926,"y":2.5390818,"z":0.14853694,"quality":57},"superFrameNumber":450}
UWB,1669370369570,{"position":{"x":-0.28175026,"y":2.5322039,"z":0.17111197,"quality":57},"superFrameNumber":460}
UWB,1669370370570,{"position":{"x":-0.30194554,"y":2.5322714,"z":0.16839157,"quality":57},"superFrameNumber":470}
UWB,1669370371570,{"position":{"x":-0.30176905,"y":2.5287201,"z":0.17123893,"quality":56},"superFrameNumber":480}
UWB,1669370372570,{"position":{"x":-0.26060629,"y":2.5604167,"z":0.13889824,"quality":55},"superFrameNumber":490}
UWB,1669370373570,{"position":{"x":-0.28737491,"y":2.5548184,"z":0.14863288,"quality":57},"superFrameNumber":500}
UWB,1669370374570,{"position":{"x":-0.27053639,"y":2.5438116,"z":0.16676924,"quality":55},"superFrameNumber":510}
UWB,1669370375570,{"position":{"x":-0.30257758,"y":2.5424955,"z":0.17274165,"quality":58},"superFrameNumber":520}
UWB,1669370376570,{"position":{"x":-0.27754343,"y":2.5472107,"z":0.1640756,"quality":55},"superFrameNumber":530}
UWB,1669370377570,{"position":{"x":-0.28179646,"y":2.5465343,"z":0.16238624,"quality":56},"superFrameNumber":540}
UWB,1669370378571,{"position":{"x":-0.27394563,"y":2.5562508,"z":0.16145495,"quality":56},"superFrameNumber":550}
UWB,1669370379570,{"position":{"x":-0.30499083,"y":2.5692165,"z":0.15224604,"quality":58},"superFrameNumber":560}
UWB,1669370380570,{"position":{"x":-0.28754234,"y":2.5588825,"z":0.14929429,"quality":55},"superFrameNumber":570}
UWB,1669370381570,{"position":{"x":-0.28115535,"y":2.5638607,"z":0.12807232,"quality":56},"superFrameNumber":580}
UWB,1669370382570,{"position":{"x":-0.27797857,"y":2.5515404,"z":0.13287213,"quality":56},"superFrameNumber":590}
UWB,1669370383571,{"position":{"x":-0.2736285,"y":2.5351253,"z":0.1591419,"quality":55},"superFrameNumber":600}
UWB,1669370384571,{"position":{"x":-0.24712646,"y":2.5214407,"z":0.17694764,"quality":54},"superFrameNumber":610}
UWB,1669370385570,{"position":{"x":-0.28361416,"y":2.5267859,"z":0.16421722,"quality":58},"superFrameNumber":620}
UWB,1669370386570,{"position":{"x":-0.29875726,"y":2.5236793,"z":0.18151118,"quality":57},"superFrameNumber":630}
UWB,1669370387570,{"position":{"x":-0.29845065,"y":2.54661,"z":0.14886956,"quality":57},"superFrameNumber":640}
UWB,1669370388571,{"position":{"x":-0.2871249,"y":2.5472379,"z":0.16232976,"quality":55},"superFrameNumber":650}
UWB,1669370389570,{"position":{"x":-0.30790648,"y":2.5442467,"z":0.16730371,"quality":57},"superFrameNumber":660}
UWB,1669370390570,{"position":{"x":-0.28801334,"y":2.5458791,"z":0.1543151,"quality":55},"superFrameNumber":670}
UWB,1669370391570,{"position":{"x":-0.28740576,"y":2.5477982,"z":0.14137177,"quality":56},"superFrameNumber":680}
UWB,1669370392570,{"position":{"x":-0.27999493,"y":2.5553269,"z":0.13234229,"quality":56},"superFrameNumber":690}
UWB,1669370393571,{"position":{"x":-0.30106798,"y":2.5429244,"z":0.15532412,"quality":57},"superFrameNumber":700}
UWB,1669370394570,{"position":{"x":-0.28331131,"y":2.5396185,"z":0.1487564,"quality":55},"superFrameNumber":710}
UWB,1669370395570,{"position":{"x":-0.32439354,"y":2.5194547,"z":0.17187913,"quality":58},"superFrameNumber":720}
UWB,1669370396575,{"position":{"x":-0.33016977,"y":2.5346715,"z":0.16568415,"quality":57},"superFrameNumber":730}
UWB,1669370397571,{"position":{"x":-0.30990031,"y":2.5402114,"z":0.1475651,"quality":56},"superFrameNumber":740}
UWB,1669370398571,{"position":{"x":-0.31660822,"y":2.5395334,"z":0.1520188,"quality":57},"superFrameNumber":750}
UWB,1669370399570,{"position":{"x":-0.30199981,"y":2.5458958,"z":0.13476562,"quality":56},"superFrameNumber":760}
UWB,1669370400570,{"position":{"x":-0.30447847,"y":2.5094121,"z":0.19095963,"quality":55},"superFrameNumber":770}